   0.0000000e+00   2.5000000e-02   6.0000000e-02   0.0000000e+00   0.0000000e+00   2.6566170e-01   4.5000000e-02   0.0000000e+00   1.0000000e-02   4.5000000e-02
   0.0000000e+00   2.5000000e-02   6.0000000e-02   0.0000000e+00   0.0000000e+00   2.6566205e-01   4.5000000e-02   0.0000000e+00   1.0000000e-02   4.5000000e-02
   0.0000000e+00   2.5000000e-02   6.0000000e-02   0.0000000e+00   0.0000000e+00   2.6566207e-01   4.5000000e-02   0.0000000e+00   1.0000000e-02   4.5000000e-02
   0.0000000e+00   2.5000000e-02   6.0000000e-02   0.0000000e+00   0.0000000e+00   2.6566216e-01   4.5000000e-02   0.0000000e+00   1.0000000e-02   4.5000000e-02
   0.0000000e+00   2.5000000e-02   6.0000000e-02   0.0000000e+00   0.0000000e+00   2.6566200e-01   4.5000000e-02   0.0000000e+00   1.0000000e-02   4.5000000e-02
   0.0000000e+00   2.5000000e-02   6.0000000e-02   0.0000000e+00   0.0000000e+00   2.6566205e-01   4.5000000e-02   0.0000000e+00   1.0000000e-02   4.5000000e-02
   0.0000000e+00   2.5000000e-02   6.0000000e-02   0.0000000e+00   0.0000000e+00   2.6566167e-01   4.5000000e-02   0.0000000e+00   1.0000000e-02   4.5000000e-02
   0.0000000e+00   2.5000000e-02   6.0000000e-02   0.0000000e+00   0.0000000e+00   2.6566201e-01   4.5000000e-02   0.0000000e+00   1.0000000e-02   4.5000000e-02
   0.0000000e+00   2.5000000e-02   6.0000000e-02   0.0000000e+00   0.0000000e+00   2.6566205e-01   4.5000000e-02   0.0000000e+00   1.0000000e-02   4.5000000e-02
   0.0000000e+00   2.5000000e-02   6.0000000e-02   0.0000000e+00   0.0000000e+00   2.6566209e-01   4.5000000e-02   0.0000000e+00   1.0000000e-02   4.5000000e-02
   0.0000000e+00   2.5000000e-02   6.0000000e-02   0.0000000e+00   0.0000000e+00   2.6566208e-01   4.5000000e-02   0.0000000e+00   1.0000000e-02   4.5000000e-02
   0.0000000e+00   2.5000000e-02   6.0000000e-02   0.0000000e+00   0.0000000e+00   2.6566211e-01   4.5000000e-02   0.0000000e+00   1.0000000e-02   4.5000000e-02
   0.0000000e+00   2.5000000e-02   6.0000000e-02   0.0000000e+00   0.0000000e+00   2.6566202e-01   4.5000000e-02   0.0000000e+00   1.0000000e-02   4.5000000e-02
   0.0000000e+00   2.5000000e-02   6.0000000e-02   0.0000000e+00   0.0000000e+00   2.6566209e-01   4.5000000e-02   0.0000000e+00   1.0000000e-02   4.5000000e-02
   0.0000000e+00   2.5000000e-02   6.0000000e-02   0.0000000e+00   0.0000000e+00   2.6566203e-01   4.5000000e-02   0.0000000e+00   1.0000000e-02   4.5000000e-02
   0.0000000e+00   2.5000000e-02   6.0000000e-02   0.0000000e+00   0.0000000e+00   2.6566203e-01   4.5000000e-02   0.0000000e+00   1.0000000e-02   4.5000000e-02
   0.0000000e+00   2.5000000e-02   6.0000000e-02   0.0000000e+00   0.0000000e+00   2.6566174e-01   4.5000000e-02   0.0000000e+00   1.0000000e-02   4.5000000e-02
   0.0000000e+00   2.5000000e-02   6.0000000e-02   0.0000000e+00   0.0000000e+00   2.6566200e-01   4.5000000e-02   0.0000000e+00   1.0000000e-02   4.5000000e-02
   0.0000000e+00   2.5000000e-02   6.0000000e-02   0.0000000e+00   0.0000000e+00   2.6566203e-01   4.5000000e-02   0.0000000e+00   1.0000000e-02   4.5000000e-02
   0.0000000e+00   2.5000000e-02   6.0000000e-02   0.0000000e+00   0.0000000e+00   2.6566203e-01   4.5000000e-02   0.0000000e+00   1.0000000e-02   4.5000000e-02
   0.0000000e+00   2.5000000e-02   6.0000000e-02   0.0000000e+00   0.0000000e+00   2.6566213e-01   4.5000000e-02   0.0000000e+00   1.0000000e-02   4.5000000e-02
   0.0000000e+00   2.5000000e-02   6.0000000e-02   0.0000000e+00   0.0000000e+00   2.6566199e-01   4.5000000e-02   0.0000000e+00   1.0000000e-02   4.5000000e-02
   0.0000000e+00   2.5000000e-02   6.0000000e-02   0.0000000e+00   0.0000000e+00   2.6566174e-01   4.5000000e-02   0.0000000e+00   1.0000000e-02   4.5000000e-02
   0.0000000e+00   2.5000000e-02   6.0000000e-02   0.0000000e+00   0.0000000e+00   2.6566207e-01   4.5000000e-02   0.0000000e+00   1.0000000e-02   4.5000000e-02
   0.0000000e+00   2.5000000e-02   6.0000000e-02   0.0000000e+00   0.0000000e+00   2.6566166e-01   4.5000000e-02   0.0000000e+00   1.0000000e-02   4.5000000e-02
   0.0000000e+00   2.5000000e-02   6.0000000e-02   0.0000000e+00   0.0000000e+00   2.6566209e-01   4.5000000e-02   0.0000000e+00   1.0000000e-02   4.5000000e-02
   0.0000000e+00   2.5000000e-02   6.0000000e-02   0.0000000e+00   0.0000000e+00   2.6566202e-01   4.5000000e-02   0.0000000e+00   1.0000000e-02   4.5000000e-02
   0.0000000e+00   2.5000000e-02   6.0000000e-02   0.0000000e+00   0.0000000e+00   2.6566201e-01   4.5000000e-02   0.0000000e+00   1.0000000e-02   4.5000000e-02
   0.0000000e+00   2.5000000e-02   6.0000000e-02   0.0000000e+00   0.0000000e+00   2.6566208e-01   4.5000000e-02   0.0000000e+00   1.0000000e-02   4.5000000e-02
   0.0000000e+00   2.5000000e-02   6.0000000e-02   0.0000000e+00   0.0000000e+00   2.6566201e-01   4.5000000e-02   0.0000000e+00   1.0000000e-02   4.5000000e-02
   0.0000000e+00   2.5000000e-02   6.0000000e-02   0.0000000e+00   0.0000000e+00   2.6566208e-01   4.5000000e-02   0.0000000e+00   1.0000000e-02   4.5000000e-02
   0.0000000e+00   2.5000000e-02   6.0000000e-02   0.0000000e+00   0.0000000e+00   2.6566204e-01   4.5000000e-02   0.0000000e+00   1.0000000e-02   4.5000000e-02
   0.0000000e+00   2.5000000e-02   6.0000000e-02   0.0000000e+00   0.0000000e+00   2.6566204e-01   4.5000000e-02   0.0000000e+00   1.0000000e-02   4.5000000e-02
   0.0000000e+00   2.5000000e-02   6.0000000e-02   0.0000000e+00   0.0000000e+00   2.6566211e-01   4.5000000e-02   0.0000000e+00   1.0000000e-02   4.5000000e-02
   0.0000000e+00   2.5000000e-02   6.0000000e-02   0.0000000e+00   0.0000000e+00   2.6566211e-01   4.5000000e-02   0.0000000e+00   1.0000000e-02   4.5000000e-02
   0.0000000e+00   2.5000000e-02   6.0000000e-02   0.0000000e+00   0.0000000e+00   2.6566204e-01   4.5000000e-02   0.0000000e+00   1.0000000e-02   4.5000000e-02
   0.0000000e+00   2.5000000e-02   6.0000000e-02   0.0000000e+00   0.0000000e+00   2.6566202e-01   4.5000000e-02   0.0000000e+00   1.0000000e-02   4.5000000e-02
   0.0000000e+00   2.5000000e-02   6.0000000e-02   0.0000000e+00   0.0000000e+00   2.6566182e-01   4.5000000e-02   0.0000000e+00   1.0000000e-02   4.5000000e-02
   0.0000000e+00   2.5000000e-02   6.0000000e-02   0.0000000e+00   0.0000000e+00   2.6566175e-01   4.5000000e-02   0.0000000e+00   1.0000000e-02   4.5000000e-02
   0.0000000e+00   2.5000000e-02   6.0000000e-02   0.0000000e+00   0.0000000e+00   2.6566210e-01   4.5000000e-02   0.0000000e+00   1.0000000e-02   4.5000000e-02
   0.0000000e+00   2.5000000e-02   6.0000000e-02   0.0000000e+00   0.0000000e+00   2.6566239e-01   4.5000000e-02   0.0000000e+00   1.0000000e-02   4.5000000e-02
   0.0000000e+00   2.5000000e-02   6.0000000e-02   0.0000000e+00   0.0000000e+00   2.6566208e-01   4.5000000e-02   0.0000000e+00   1.0000000e-02   4.5000000e-02
   0.0000000e+00   2.5000000e-02   6.0000000e-02   0.0000000e+00   0.0000000e+00   2.6566216e-01   4.5000000e-02   0.0000000e+00   1.0000000e-02   4.5000000e-02
   0.0000000e+00   2.5000000e-02   6.0000000e-02   0.0000000e+00   0.0000000e+00   2.6566207e-01   4.5000000e-02   0.0000000e+00   1.0000000e-02   4.5000000e-02
   0.0000000e+00   2.5000000e-02   6.0000000e-02   0.0000000e+00   0.0000000e+00   2.6566172e-01   4.5000000e-02   0.0000000e+00   1.0000000e-02   4.5000000e-02
   0.0000000e+00   2.5000000e-02   6.0000000e-02   0.0000000e+00   0.0000000e+00   2.6566175e-01   4.5000000e-02   0.0000000e+00   1.0000000e-02   4.5000000e-02
   0.0000000e+00   2.5000000e-02   6.0000000e-02   0.0000000e+00   0.0000000e+00   2.6566205e-01   4.5000000e-02   0.0000000e+00   1.0000000e-02   4.5000000e-02
   0.0000000e+00   2.5000000e-02   6.0000000e-02   0.0000000e+00   0.0000000e+00   2.6566201e-01   4.5000000e-02   0.0000000e+00   1.0000000e-02   4.5000000e-02
   0.0000000e+00   2.5000000e-02   6.0000000e-02   0.0000000e+00   0.0000000e+00   2.6566168e-01   4.5000000e-02   0.0000000e+00   1.0000000e-02   4.5000000e-02
   0.0000000e+00   2.5000000e-02   6.0000000e-02   0.0000000e+00   0.0000000e+00   2.6566206e-01   4.5000000e-02   0.0000000e+00   1.0000000e-02   4.5000000e-02
   0.0000000e+00   2.5000000e-02   6.0000000e-02   0.0000000e+00   0.0000000e+00   2.6566188e-01   4.5000000e-02   0.0000000e+00   1.0000000e-02   4.5000000e-02
   0.0000000e+00   2.5000000e-02   6.0000000e-02   0.0000000e+00   0.0000000e+00   2.6566208e-01   4.5000000e-02   0.0000000e+00   1.0000000e-02   4.5000000e-02
   0.0000000e+00   2.5000000e-02   6.0000000e-02   0.0000000e+00   0.0000000e+00   2.6566179e-01   4.5000000e-02   0.0000000e+00   1.0000000e-02   4.5000000e-02
   0.0000000e+00   2.5000000e-02   6.0000000e-02   0.0000000e+00   0.0000000e+00   2.6566204e-01   4.5000000e-02   0.0000000e+00   1.0000000e-02   4.5000000e-02
   0.0000000e+00   2.5000000e-02   6.0000000e-02   0.0000000e+00   0.0000000e+00   2.6566202e-01   4.5000000e-02   0.0000000e+00   1.0000000e-02   4.5000000e-02
   0.0000000e+00   2.5000000e-02   6.0000000e-02   0.0000000e+00   0.0000000e+00   2.6566205e-01   4.5000000e-02   0.0000000e+00   1.0000000e-02   4.5000000e-02
   0.0000000e+00   2.5000000e-02   6.0000000e-02   0.0000000e+00   0.0000000e+00   2.6566202e-01   4.5000000e-02   0.0000000e+00   1.0000000e-02   4.5000000e-02
   0.0000000e+00   2.5000000e-02   6.0000000e-02   0.0000000e+00   0.0000000e+00   2.6566235e-01   4.5000000e-02   0.0000000e+00   1.0000000e-02   4.5000000e-02
   0.0000000e+00   2.5000000e-02   6.0000000e-02   0.0000000e+00   0.0000000e+00   2.6566183e-01   4.5000000e-02   0.0000000e+00   1.0000000e-02   4.5000000e-02
   0.0000000e+00   2.5000000e-02   6.0000000e-02   0.0000000e+00   0.0000000e+00   2.6566208e-01   4.5000000e-02   0.0000000e+00   1.0000000e-02   4.5000000e-02
   0.0000000e+00   2.5000000e-02   6.0000000e-02   0.0000000e+00   0.0000000e+00   2.6566204e-01   4.5000000e-02   0.0000000e+00   1.0000000e-02   4.5000000e-02
   0.0000000e+00   2.5000000e-02   6.0000000e-02   0.0000000e+00   0.0000000e+00   2.6566208e-01   4.5000000e-02   0.0000000e+00   1.0000000e-02   4.5000000e-02
   0.0000000e+00   2.5000000e-02   6.0000000e-02   0.0000000e+00   0.0000000e+00   2.6566175e-01   4.5000000e-02   0.0000000e+00   1.0000000e-02   4.5000000e-02
   0.0000000e+00   2.5000000e-02   6.0000000e-02   0.0000000e+00   0.0000000e+00   2.6566178e-01   4.5000000e-02   0.0000000e+00   1.0000000e-02   4.5000000e-02
   0.0000000e+00   2.5000000e-02   6.0000000e-02   0.0000000e+00   0.0000000e+00   2.6566202e-01   4.5000000e-02   0.0000000e+00   1.0000000e-02   4.5000000e-02
   0.0000000e+00   2.5000000e-02   6.0000000e-02   0.0000000e+00   0.0000000e+00   2.6566212e-01   4.5000000e-02   0.0000000e+00   1.0000000e-02   4.5000000e-02
   0.0000000e+00   2.5000000e-02   6.0000000e-02   0.0000000e+00   0.0000000e+00   2.6566207e-01   4.5000000e-02   0.0000000e+00   1.0000000e-02   4.5000000e-02
   0.0000000e+00   2.5000000e-02   6.0000000e-02   0.0000000e+00   0.0000000e+00   2.6566203e-01   4.5000000e-02   0.0000000e+00   1.0000000e-02   4.5000000e-02
   0.0000000e+00   2.5000000e-02   6.0000000e-02   0.0000000e+00   0.0000000e+00   2.6566206e-01   4.5000000e-02   0.0000000e+00   1.0000000e-02   4.5000000e-02
   0.0000000e+00   2.5000000e-02   6.0000000e-02   0.0000000e+00   0.0000000e+00   2.6566181e-01   4.5000000e-02   0.0000000e+00   1.0000000e-02   4.5000000e-02
   0.0000000e+00   2.5000000e-02   6.0000000e-02   0.0000000e+00   0.0000000e+00   2.6566179e-01   4.5000000e-02   0.0000000e+00   1.0000000e-02   4.5000000e-02
   0.0000000e+00   2.5000000e-02   6.0000000e-02   0.0000000e+00   0.0000000e+00   2.6566210e-01   4.5000000e-02   0.0000000e+00   1.0000000e-02   4.5000000e-02
   0.0000000e+00   2.5000000e-02   6.0000000e-02   0.0000000e+00   0.0000000e+00   2.6566206e-01   4.5000000e-02   0.0000000e+00   1.0000000e-02   4.5000000e-02
   0.0000000e+00   2.5000000e-02   6.0000000e-02   0.0000000e+00   0.0000000e+00   2.6566209e-01   4.5000000e-02   0.0000000e+00   1.0000000e-02   4.5000000e-02
   0.0000000e+00   2.5000000e-02   6.0000000e-02   0.0000000e+00   0.0000000e+00   2.6566202e-01   4.5000000e-02   0.0000000e+00   1.0000000e-02   4.5000000e-02
   0.0000000e+00   2.5000000e-02   6.0000000e-02   0.0000000e+00   0.0000000e+00   2.6566204e-01   4.5000000e-02   0.0000000e+00   1.0000000e-02   4.5000000e-02
   0.0000000e+00   2.5000000e-02   6.0000000e-02   0.0000000e+00   0.0000000e+00   2.6566201e-01   4.5000000e-02   0.0000000e+00   1.0000000e-02   4.5000000e-02
   0.0000000e+00   2.5000000e-02   6.0000000e-02   0.0000000e+00   0.0000000e+00   2.6566208e-01   4.5000000e-02   0.0000000e+00   1.0000000e-02   4.5000000e-02
   0.0000000e+00   2.5000000e-02   6.0000000e-02   0.0000000e+00   0.0000000e+00   2.6566190e-01   4.5000000e-02   0.0000000e+00   1.0000000e-02   4.5000000e-02
   0.0000000e+00   2.5000000e-02   6.0000000e-02   0.0000000e+00   0.0000000e+00   2.6566208e-01   4.5000000e-02   0.0000000e+00   1.0000000e-02   4.5000000e-02
