   0.0000000e+00   2.5000000e-02   6.0000000e-02   0.0000000e+00   5.0885680e-03   3.0000000e-02   4.5000000e-02   0.0000000e+00   0.0000000e+00   4.5000000e-02
   0.0000000e+00   2.5000000e-02   6.0000000e-02   0.0000000e+00   5.0885643e-03   3.0000000e-02   4.5000000e-02   0.0000000e+00   0.0000000e+00   4.5000000e-02
   0.0000000e+00   2.5000000e-02   6.0000000e-02   0.0000000e+00   5.0886255e-03   3.0000000e-02   4.5000000e-02   0.0000000e+00   0.0000000e+00   4.5000000e-02
   0.0000000e+00   2.5000000e-02   6.0000000e-02   0.0000000e+00   5.0883971e-03   3.0000000e-02   4.5000000e-02   0.0000000e+00   0.0000000e+00   4.5000000e-02
   0.0000000e+00   2.5000000e-02   6.0000000e-02   0.0000000e+00   5.0884272e-03   3.0000000e-02   4.5000000e-02   0.0000000e+00   0.0000000e+00   4.5000000e-02
   0.0000000e+00   2.5000000e-02   6.0000000e-02   0.0000000e+00   5.0885126e-03   3.0000000e-02   4.5000000e-02   0.0000000e+00   0.0000000e+00   4.5000000e-02
   0.0000000e+00   2.5000000e-02   6.0000000e-02   0.0000000e+00   5.0882481e-03   3.0000000e-02   4.5000000e-02   0.0000000e+00   0.0000000e+00   4.5000000e-02
   0.0000000e+00   2.5000000e-02   6.0000000e-02   0.0000000e+00   5.0885957e-03   3.0000000e-02   4.5000000e-02   0.0000000e+00   0.0000000e+00   4.5000000e-02
   0.0000000e+00   2.5000000e-02   6.0000000e-02   0.0000000e+00   5.0881645e-03   3.0000000e-02   4.5000000e-02   0.0000000e+00   0.0000000e+00   4.5000000e-02
   0.0000000e+00   2.5000000e-02   6.0000000e-02   0.0000000e+00   5.0886783e-03   3.0000000e-02   4.5000000e-02   0.0000000e+00   0.0000000e+00   4.5000000e-02
   0.0000000e+00   2.5000000e-02   6.0000000e-02   0.0000000e+00   5.0885006e-03   3.0000000e-02   4.5000000e-02   0.0000000e+00   0.0000000e+00   4.5000000e-02
   0.0000000e+00   2.5000000e-02   6.0000000e-02   0.0000000e+00   5.0885715e-03   3.0000000e-02   4.5000000e-02   0.0000000e+00   0.0000000e+00   4.5000000e-02
   0.0000000e+00   2.5000000e-02   6.0000000e-02   0.0000000e+00   5.0885604e-03   3.0000000e-02   4.5000000e-02   0.0000000e+00   0.0000000e+00   4.5000000e-02
   0.0000000e+00   2.5000000e-02   6.0000000e-02   0.0000000e+00   5.0881739e-03   3.0000000e-02   4.5000000e-02   0.0000000e+00   0.0000000e+00   4.5000000e-02
   0.0000000e+00   2.5000000e-02   6.0000000e-02   0.0000000e+00   5.0886358e-03   3.0000000e-02   4.5000000e-02   0.0000000e+00   0.0000000e+00   4.5000000e-02
   0.0000000e+00   2.5000000e-02   6.0000000e-02   0.0000000e+00   5.0884977e-03   3.0000000e-02   4.5000000e-02   0.0000000e+00   0.0000000e+00   4.5000000e-02
   0.0000000e+00   2.5000000e-02   6.0000000e-02   0.0000000e+00   5.0885496e-03   3.0000000e-02   4.5000000e-02   0.0000000e+00   0.0000000e+00   4.5000000e-02
   0.0000000e+00   2.5000000e-02   6.0000000e-02   0.0000000e+00   5.0882870e-03   3.0000000e-02   4.5000000e-02   0.0000000e+00   0.0000000e+00   4.5000000e-02
   0.0000000e+00   2.5000000e-02   6.0000000e-02   0.0000000e+00   5.0886775e-03   3.0000000e-02   4.5000000e-02   0.0000000e+00   0.0000000e+00   4.5000000e-02
   0.0000000e+00   2.5000000e-02   6.0000000e-02   0.0000000e+00   5.0882247e-03   3.0000000e-02   4.5000000e-02   0.0000000e+00   0.0000000e+00   4.5000000e-02
   0.0000000e+00   2.5000000e-02   6.0000000e-02   0.0000000e+00   5.0883608e-03   3.0000000e-02   4.5000000e-02   0.0000000e+00   0.0000000e+00   4.5000000e-02
   0.0000000e+00   2.5000000e-02   6.0000000e-02   0.0000000e+00   5.0883367e-03   3.0000000e-02   4.5000000e-02   0.0000000e+00   0.0000000e+00   4.5000000e-02
   0.0000000e+00   2.5000000e-02   6.0000000e-02   0.0000000e+00   5.0886179e-03   3.0000000e-02   4.5000000e-02   0.0000000e+00   0.0000000e+00   4.5000000e-02
   0.0000000e+00   2.5000000e-02   6.0000000e-02   0.0000000e+00   5.0886029e-03   3.0000000e-02   4.5000000e-02   0.0000000e+00   0.0000000e+00   4.5000000e-02
   0.0000000e+00   2.5000000e-02   6.0000000e-02   0.0000000e+00   5.0884944e-03   3.0000000e-02   4.5000000e-02   0.0000000e+00   0.0000000e+00   4.5000000e-02
   0.0000000e+00   2.5000000e-02   6.0000000e-02   0.0000000e+00   5.0885005e-03   3.0000000e-02   4.5000000e-02   0.0000000e+00   0.0000000e+00   4.5000000e-02
   0.0000000e+00   2.5000000e-02   6.0000000e-02   0.0000000e+00   5.0881703e-03   3.0000000e-02   4.5000000e-02   0.0000000e+00   0.0000000e+00   4.5000000e-02
   0.0000000e+00   2.5000000e-02   6.0000000e-02   0.0000000e+00   5.0880844e-03   3.0000000e-02   4.5000000e-02   0.0000000e+00   0.0000000e+00   4.5000000e-02
   0.0000000e+00   2.5000000e-02   6.0000000e-02   0.0000000e+00   5.0883802e-03   3.0000000e-02   4.5000000e-02   0.0000000e+00   0.0000000e+00   4.5000000e-02
   0.0000000e+00   2.5000000e-02   6.0000000e-02   0.0000000e+00   5.0881464e-03   3.0000000e-02   4.5000000e-02   0.0000000e+00   0.0000000e+00   4.5000000e-02
   0.0000000e+00   2.5000000e-02   6.0000000e-02   0.0000000e+00   5.0885041e-03   3.0000000e-02   4.5000000e-02   0.0000000e+00   0.0000000e+00   4.5000000e-02
   0.0000000e+00   2.5000000e-02   6.0000000e-02   0.0000000e+00   5.0885278e-03   3.0000000e-02   4.5000000e-02   0.0000000e+00   0.0000000e+00   4.5000000e-02
   0.0000000e+00   2.5000000e-02   6.0000000e-02   0.0000000e+00   5.0885100e-03   3.0000000e-02   4.5000000e-02   0.0000000e+00   0.0000000e+00   4.5000000e-02
   0.0000000e+00   2.5000000e-02   6.0000000e-02   0.0000000e+00   5.0886171e-03   3.0000000e-02   4.5000000e-02   0.0000000e+00   0.0000000e+00   4.5000000e-02
   0.0000000e+00   2.5000000e-02   6.0000000e-02   0.0000000e+00   5.0885934e-03   3.0000000e-02   4.5000000e-02   0.0000000e+00   0.0000000e+00   4.5000000e-02
   0.0000000e+00   2.5000000e-02   6.0000000e-02   0.0000000e+00   5.0883196e-03   3.0000000e-02   4.5000000e-02   0.0000000e+00   0.0000000e+00   4.5000000e-02
   0.0000000e+00   2.5000000e-02   6.0000000e-02   0.0000000e+00   5.0885510e-03   3.0000000e-02   4.5000000e-02   0.0000000e+00   0.0000000e+00   4.5000000e-02
   0.0000000e+00   2.5000000e-02   6.0000000e-02   0.0000000e+00   5.0882021e-03   3.0000000e-02   4.5000000e-02   0.0000000e+00   0.0000000e+00   4.5000000e-02
   0.0000000e+00   2.5000000e-02   6.0000000e-02   0.0000000e+00   5.0885738e-03   3.0000000e-02   4.5000000e-02   0.0000000e+00   0.0000000e+00   4.5000000e-02
   0.0000000e+00   2.5000000e-02   6.0000000e-02   0.0000000e+00   5.0886065e-03   3.0000000e-02   4.5000000e-02   0.0000000e+00   0.0000000e+00   4.5000000e-02
   0.0000000e+00   2.5000000e-02   6.0000000e-02   0.0000000e+00   5.0885478e-03   3.0000000e-02   4.5000000e-02   0.0000000e+00   0.0000000e+00   4.5000000e-02
   0.0000000e+00   2.5000000e-02   6.0000000e-02   0.0000000e+00   5.0882174e-03   3.0000000e-02   4.5000000e-02   0.0000000e+00   0.0000000e+00   4.5000000e-02
   0.0000000e+00   2.5000000e-02   6.0000000e-02   0.0000000e+00   5.0886036e-03   3.0000000e-02   4.5000000e-02   0.0000000e+00   0.0000000e+00   4.5000000e-02
   0.0000000e+00   2.5000000e-02   6.0000000e-02   0.0000000e+00   5.0885866e-03   3.0000000e-02   4.5000000e-02   0.0000000e+00   0.0000000e+00   4.5000000e-02
   0.0000000e+00   2.5000000e-02   6.0000000e-02   0.0000000e+00   5.0881314e-03   3.0000000e-02   4.5000000e-02   0.0000000e+00   0.0000000e+00   4.5000000e-02
   0.0000000e+00   2.5000000e-02   6.0000000e-02   0.0000000e+00   5.0885984e-03   3.0000000e-02   4.5000000e-02   0.0000000e+00   0.0000000e+00   4.5000000e-02
   0.0000000e+00   2.5000000e-02   6.0000000e-02   0.0000000e+00   5.0884993e-03   3.0000000e-02   4.5000000e-02   0.0000000e+00   0.0000000e+00   4.5000000e-02
   0.0000000e+00   2.5000000e-02   6.0000000e-02   0.0000000e+00   5.0886465e-03   3.0000000e-02   4.5000000e-02   0.0000000e+00   0.0000000e+00   4.5000000e-02
   0.0000000e+00   2.5000000e-02   6.0000000e-02   0.0000000e+00   5.0886219e-03   3.0000000e-02   4.5000000e-02   0.0000000e+00   0.0000000e+00   4.5000000e-02
   0.0000000e+00   2.5000000e-02   6.0000000e-02   0.0000000e+00   5.0885345e-03   3.0000000e-02   4.5000000e-02   0.0000000e+00   0.0000000e+00   4.5000000e-02
   0.0000000e+00   2.5000000e-02   6.0000000e-02   0.0000000e+00   5.0884109e-03   3.0000000e-02   4.5000000e-02   0.0000000e+00   0.0000000e+00   4.5000000e-02
   0.0000000e+00   2.5000000e-02   6.0000000e-02   0.0000000e+00   5.0886149e-03   3.0000000e-02   4.5000000e-02   0.0000000e+00   0.0000000e+00   4.5000000e-02
   0.0000000e+00   2.5000000e-02   6.0000000e-02   0.0000000e+00   5.0880795e-03   3.0000000e-02   4.5000000e-02   0.0000000e+00   0.0000000e+00   4.5000000e-02
   0.0000000e+00   2.5000000e-02   6.0000000e-02   0.0000000e+00   5.0880986e-03   3.0000000e-02   4.5000000e-02   0.0000000e+00   0.0000000e+00   4.5000000e-02
   0.0000000e+00   2.5000000e-02   6.0000000e-02   0.0000000e+00   5.0887789e-03   3.0000000e-02   4.5000000e-02   0.0000000e+00   0.0000000e+00   4.5000000e-02
   0.0000000e+00   2.5000000e-02   6.0000000e-02   0.0000000e+00   5.0881573e-03   3.0000000e-02   4.5000000e-02   0.0000000e+00   0.0000000e+00   4.5000000e-02
   0.0000000e+00   2.5000000e-02   6.0000000e-02   0.0000000e+00   5.0881701e-03   3.0000000e-02   4.5000000e-02   0.0000000e+00   0.0000000e+00   4.5000000e-02
   0.0000000e+00   2.5000000e-02   6.0000000e-02   0.0000000e+00   5.0886054e-03   3.0000000e-02   4.5000000e-02   0.0000000e+00   0.0000000e+00   4.5000000e-02
   0.0000000e+00   2.5000000e-02   6.0000000e-02   0.0000000e+00   5.0885488e-03   3.0000000e-02   4.5000000e-02   0.0000000e+00   0.0000000e+00   4.5000000e-02
   0.0000000e+00   2.5000000e-02   6.0000000e-02   0.0000000e+00   5.0886001e-03   3.0000000e-02   4.5000000e-02   0.0000000e+00   0.0000000e+00   4.5000000e-02
   0.0000000e+00   2.5000000e-02   6.0000000e-02   0.0000000e+00   5.0885630e-03   3.0000000e-02   4.5000000e-02   0.0000000e+00   0.0000000e+00   4.5000000e-02
   0.0000000e+00   2.5000000e-02   6.0000000e-02   0.0000000e+00   5.0884428e-03   3.0000000e-02   4.5000000e-02   0.0000000e+00   0.0000000e+00   4.5000000e-02
   0.0000000e+00   2.5000000e-02   6.0000000e-02   0.0000000e+00   5.0885490e-03   3.0000000e-02   4.5000000e-02   0.0000000e+00   0.0000000e+00   4.5000000e-02
   0.0000000e+00   2.5000000e-02   6.0000000e-02   0.0000000e+00   5.0884991e-03   3.0000000e-02   4.5000000e-02   0.0000000e+00   0.0000000e+00   4.5000000e-02
   0.0000000e+00   2.5000000e-02   6.0000000e-02   0.0000000e+00   5.0885252e-03   3.0000000e-02   4.5000000e-02   0.0000000e+00   0.0000000e+00   4.5000000e-02
   0.0000000e+00   2.5000000e-02   6.0000000e-02   0.0000000e+00   5.0880912e-03   3.0000000e-02   4.5000000e-02   0.0000000e+00   0.0000000e+00   4.5000000e-02
   0.0000000e+00   2.5000000e-02   6.0000000e-02   0.0000000e+00   5.0886171e-03   3.0000000e-02   4.5000000e-02   0.0000000e+00   0.0000000e+00   4.5000000e-02
   0.0000000e+00   2.5000000e-02   6.0000000e-02   0.0000000e+00   5.0886066e-03   3.0000000e-02   4.5000000e-02   0.0000000e+00   0.0000000e+00   4.5000000e-02
   0.0000000e+00   2.5000000e-02   6.0000000e-02   0.0000000e+00   5.0881077e-03   3.0000000e-02   4.5000000e-02   0.0000000e+00   0.0000000e+00   4.5000000e-02
   0.0000000e+00   2.5000000e-02   6.0000000e-02   0.0000000e+00   5.0886180e-03   3.0000000e-02   4.5000000e-02   0.0000000e+00   0.0000000e+00   4.5000000e-02
   0.0000000e+00   2.5000000e-02   6.0000000e-02   0.0000000e+00   5.0885560e-03   3.0000000e-02   4.5000000e-02   0.0000000e+00   0.0000000e+00   4.5000000e-02
   0.0000000e+00   2.5000000e-02   6.0000000e-02   0.0000000e+00   5.0884946e-03   3.0000000e-02   4.5000000e-02   0.0000000e+00   0.0000000e+00   4.5000000e-02
   0.0000000e+00   2.5000000e-02   6.0000000e-02   0.0000000e+00   5.0884960e-03   3.0000000e-02   4.5000000e-02   0.0000000e+00   0.0000000e+00   4.5000000e-02
   0.0000000e+00   2.5000000e-02   6.0000000e-02   0.0000000e+00   5.0882683e-03   3.0000000e-02   4.5000000e-02   0.0000000e+00   0.0000000e+00   4.5000000e-02
   0.0000000e+00   2.5000000e-02   6.0000000e-02   0.0000000e+00   5.0881902e-03   3.0000000e-02   4.5000000e-02   0.0000000e+00   0.0000000e+00   4.5000000e-02
   0.0000000e+00   2.5000000e-02   6.0000000e-02   0.0000000e+00   5.0881973e-03   3.0000000e-02   4.5000000e-02   0.0000000e+00   0.0000000e+00   4.5000000e-02
   0.0000000e+00   2.5000000e-02   6.0000000e-02   0.0000000e+00   5.0880657e-03   3.0000000e-02   4.5000000e-02   0.0000000e+00   0.0000000e+00   4.5000000e-02
   0.0000000e+00   2.5000000e-02   6.0000000e-02   0.0000000e+00   5.0885490e-03   3.0000000e-02   4.5000000e-02   0.0000000e+00   0.0000000e+00   4.5000000e-02
   0.0000000e+00   2.5000000e-02   6.0000000e-02   0.0000000e+00   5.0886418e-03   3.0000000e-02   4.5000000e-02   0.0000000e+00   0.0000000e+00   4.5000000e-02
   0.0000000e+00   2.5000000e-02   6.0000000e-02   0.0000000e+00   5.0885866e-03   3.0000000e-02   4.5000000e-02   0.0000000e+00   0.0000000e+00   4.5000000e-02
