   0.0000000e+00   2.5000000e-02   1.2500000e-01   0.0000000e+00   0.0000000e+00   7.8239800e-02   9.9221112e-03   0.0000000e+00   1.0000000e-02   8.5000000e-02
   0.0000000e+00   2.5000000e-02   1.2500000e-01   0.0000000e+00   0.0000000e+00   7.8239808e-02   9.9215166e-03   0.0000000e+00   1.0000000e-02   8.5000000e-02
   0.0000000e+00   2.5000000e-02   1.2500000e-01   0.0000000e+00   0.0000000e+00   7.8239950e-02   9.9213000e-03   0.0000000e+00   1.0000000e-02   8.5000000e-02
   0.0000000e+00   2.5000000e-02   1.2500000e-01   0.0000000e+00   0.0000000e+00   7.8239673e-02   9.9210747e-03   0.0000000e+00   1.0000000e-02   8.5000000e-02
   0.0000000e+00   2.5000000e-02   1.2500000e-01   0.0000000e+00   0.0000000e+00   7.8239844e-02   9.9213282e-03   0.0000000e+00   1.0000000e-02   8.5000000e-02
   0.0000000e+00   2.5000000e-02   1.2500000e-01   0.0000000e+00   0.0000000e+00   7.8240006e-02   9.9217065e-03   0.0000000e+00   1.0000000e-02   8.5000000e-02
   0.0000000e+00   2.5000000e-02   1.2500000e-01   0.0000000e+00   0.0000000e+00   7.8240228e-02   9.9220102e-03   0.0000000e+00   1.0000000e-02   8.5000000e-02
   0.0000000e+00   2.5000000e-02   1.2500000e-01   0.0000000e+00   0.0000000e+00   7.8239987e-02   9.9214415e-03   0.0000000e+00   1.0000000e-02   8.5000000e-02
   0.0000000e+00   2.5000000e-02   1.2500000e-01   0.0000000e+00   0.0000000e+00   7.8239558e-02   9.9222075e-03   0.0000000e+00   1.0000000e-02   8.5000000e-02
   0.0000000e+00   2.5000000e-02   1.2500000e-01   0.0000000e+00   0.0000000e+00   7.8239808e-02   9.9219545e-03   0.0000000e+00   1.0000000e-02   8.5000000e-02
   0.0000000e+00   2.5000000e-02   1.2500000e-01   0.0000000e+00   0.0000000e+00   7.8239695e-02   9.9219817e-03   0.0000000e+00   1.0000000e-02   8.5000000e-02
   0.0000000e+00   2.5000000e-02   1.2500000e-01   0.0000000e+00   0.0000000e+00   7.8239762e-02   9.9220282e-03   0.0000000e+00   1.0000000e-02   8.5000000e-02
   0.0000000e+00   2.5000000e-02   1.2500000e-01   0.0000000e+00   0.0000000e+00   7.8239641e-02   9.9216003e-03   0.0000000e+00   1.0000000e-02   8.5000000e-02
   0.0000000e+00   2.5000000e-02   1.2500000e-01   0.0000000e+00   0.0000000e+00   7.8239897e-02   9.9223954e-03   0.0000000e+00   1.0000000e-02   8.5000000e-02
   0.0000000e+00   2.5000000e-02   1.2500000e-01   0.0000000e+00   0.0000000e+00   7.8239954e-02   9.9212818e-03   0.0000000e+00   1.0000000e-02   8.5000000e-02
   0.0000000e+00   2.5000000e-02   1.2500000e-01   0.0000000e+00   0.0000000e+00   7.8240194e-02   9.9212421e-03   0.0000000e+00   1.0000000e-02   8.5000000e-02
   0.0000000e+00   2.5000000e-02   1.2500000e-01   0.0000000e+00   0.0000000e+00   7.8239931e-02   9.9217894e-03   0.0000000e+00   1.0000000e-02   8.5000000e-02
   0.0000000e+00   2.5000000e-02   1.2500000e-01   0.0000000e+00   0.0000000e+00   7.8239820e-02   9.9211668e-03   0.0000000e+00   1.0000000e-02   8.5000000e-02
   0.0000000e+00   2.5000000e-02   1.2500000e-01   0.0000000e+00   0.0000000e+00   7.8239997e-02   9.9212928e-03   0.0000000e+00   1.0000000e-02   8.5000000e-02
   0.0000000e+00   2.5000000e-02   1.2500000e-01   0.0000000e+00   0.0000000e+00   7.8239886e-02   9.9220578e-03   0.0000000e+00   1.0000000e-02   8.5000000e-02
   0.0000000e+00   2.5000000e-02   1.2500000e-01   0.0000000e+00   0.0000000e+00   7.8239895e-02   9.9229651e-03   0.0000000e+00   1.0000000e-02   8.5000000e-02
   0.0000000e+00   2.5000000e-02   1.2500000e-01   0.0000000e+00   0.0000000e+00   7.8239706e-02   9.9231763e-03   0.0000000e+00   1.0000000e-02   8.5000000e-02
   0.0000000e+00   2.5000000e-02   1.2500000e-01   0.0000000e+00   0.0000000e+00   7.8240094e-02   9.9221990e-03   0.0000000e+00   1.0000000e-02   8.5000000e-02
   0.0000000e+00   2.5000000e-02   1.2500000e-01   0.0000000e+00   0.0000000e+00   7.8239682e-02   9.9222547e-03   0.0000000e+00   1.0000000e-02   8.5000000e-02
   0.0000000e+00   2.5000000e-02   1.2500000e-01   0.0000000e+00   0.0000000e+00   7.8240005e-02   9.9212818e-03   0.0000000e+00   1.0000000e-02   8.5000000e-02
   0.0000000e+00   2.5000000e-02   1.2500000e-01   0.0000000e+00   0.0000000e+00   7.8239949e-02   9.9219244e-03   0.0000000e+00   1.0000000e-02   8.5000000e-02
   0.0000000e+00   2.5000000e-02   1.2500000e-01   0.0000000e+00   0.0000000e+00   7.8240084e-02   9.9211555e-03   0.0000000e+00   1.0000000e-02   8.5000000e-02
   0.0000000e+00   2.5000000e-02   1.2500000e-01   0.0000000e+00   0.0000000e+00   7.8239899e-02   9.9223903e-03   0.0000000e+00   1.0000000e-02   8.5000000e-02
   0.0000000e+00   2.5000000e-02   1.2500000e-01   0.0000000e+00   0.0000000e+00   7.8239999e-02   9.9212741e-03   0.0000000e+00   1.0000000e-02   8.5000000e-02
   0.0000000e+00   2.5000000e-02   1.2500000e-01   0.0000000e+00   0.0000000e+00   7.8239760e-02   9.9208586e-03   0.0000000e+00   1.0000000e-02   8.5000000e-02
   0.0000000e+00   2.5000000e-02   1.2500000e-01   0.0000000e+00   0.0000000e+00   7.8240013e-02   9.9218803e-03   0.0000000e+00   1.0000000e-02   8.5000000e-02
   0.0000000e+00   2.5000000e-02   1.2500000e-01   0.0000000e+00   0.0000000e+00   7.8239729e-02   9.9203579e-03   0.0000000e+00   1.0000000e-02   8.5000000e-02
   0.0000000e+00   2.5000000e-02   1.2500000e-01   0.0000000e+00   0.0000000e+00   7.8240185e-02   9.9231802e-03   0.0000000e+00   1.0000000e-02   8.5000000e-02
   0.0000000e+00   2.5000000e-02   1.2500000e-01   0.0000000e+00   0.0000000e+00   7.8239818e-02   9.9226183e-03   0.0000000e+00   1.0000000e-02   8.5000000e-02
   0.0000000e+00   2.5000000e-02   1.2500000e-01   0.0000000e+00   0.0000000e+00   7.8239858e-02   9.9223549e-03   0.0000000e+00   1.0000000e-02   8.5000000e-02
   0.0000000e+00   2.5000000e-02   1.2500000e-01   0.0000000e+00   0.0000000e+00   7.8239913e-02   9.9234249e-03   0.0000000e+00   1.0000000e-02   8.5000000e-02
   0.0000000e+00   2.5000000e-02   1.2500000e-01   0.0000000e+00   0.0000000e+00   7.8239958e-02   9.9217489e-03   0.0000000e+00   1.0000000e-02   8.5000000e-02
   0.0000000e+00   2.5000000e-02   1.2500000e-01   0.0000000e+00   0.0000000e+00   7.8239680e-02   9.9226502e-03   0.0000000e+00   1.0000000e-02   8.5000000e-02
   0.0000000e+00   2.5000000e-02   1.2500000e-01   0.0000000e+00   0.0000000e+00   7.8239872e-02   9.9218459e-03   0.0000000e+00   1.0000000e-02   8.5000000e-02
   0.0000000e+00   2.5000000e-02   1.2500000e-01   0.0000000e+00   0.0000000e+00   7.8239878e-02   9.9214526e-03   0.0000000e+00   1.0000000e-02   8.5000000e-02
   0.0000000e+00   2.5000000e-02   1.2500000e-01   0.0000000e+00   0.0000000e+00   7.8239924e-02   9.9222856e-03   0.0000000e+00   1.0000000e-02   8.5000000e-02
   0.0000000e+00   2.5000000e-02   1.2500000e-01   0.0000000e+00   0.0000000e+00   7.8240107e-02   9.9212093e-03   0.0000000e+00   1.0000000e-02   8.5000000e-02
   0.0000000e+00   2.5000000e-02   1.2500000e-01   0.0000000e+00   0.0000000e+00   7.8239973e-02   9.9214090e-03   0.0000000e+00   1.0000000e-02   8.5000000e-02
   0.0000000e+00   2.5000000e-02   1.2500000e-01   0.0000000e+00   0.0000000e+00   7.8240086e-02   9.9219469e-03   0.0000000e+00   1.0000000e-02   8.5000000e-02
   0.0000000e+00   2.5000000e-02   1.2500000e-01   0.0000000e+00   0.0000000e+00   7.8239467e-02   9.9217468e-03   0.0000000e+00   1.0000000e-02   8.5000000e-02
   0.0000000e+00   2.5000000e-02   1.2500000e-01   0.0000000e+00   0.0000000e+00   7.8239846e-02   9.9224192e-03   0.0000000e+00   1.0000000e-02   8.5000000e-02
   0.0000000e+00   2.5000000e-02   1.2500000e-01   0.0000000e+00   0.0000000e+00   7.8240197e-02   9.9216728e-03   0.0000000e+00   1.0000000e-02   8.5000000e-02
   0.0000000e+00   2.5000000e-02   1.2500000e-01   0.0000000e+00   0.0000000e+00   7.8240082e-02   9.9219000e-03   0.0000000e+00   1.0000000e-02   8.5000000e-02
   0.0000000e+00   2.5000000e-02   1.2500000e-01   0.0000000e+00   0.0000000e+00   7.8240148e-02   9.9205502e-03   0.0000000e+00   1.0000000e-02   8.5000000e-02
   0.0000000e+00   2.5000000e-02   1.2500000e-01   0.0000000e+00   0.0000000e+00   7.8240173e-02   9.9220939e-03   0.0000000e+00   1.0000000e-02   8.5000000e-02
   0.0000000e+00   2.5000000e-02   1.2500000e-01   0.0000000e+00   0.0000000e+00   7.8239862e-02   9.9224461e-03   0.0000000e+00   1.0000000e-02   8.5000000e-02
   0.0000000e+00   2.5000000e-02   1.2500000e-01   0.0000000e+00   0.0000000e+00   7.8240038e-02   9.9216961e-03   0.0000000e+00   1.0000000e-02   8.5000000e-02
   0.0000000e+00   2.5000000e-02   1.2500000e-01   0.0000000e+00   0.0000000e+00   7.8239467e-02   9.9217468e-03   0.0000000e+00   1.0000000e-02   8.5000000e-02
   0.0000000e+00   2.5000000e-02   1.2500000e-01   0.0000000e+00   0.0000000e+00   7.8240042e-02   9.9227276e-03   0.0000000e+00   1.0000000e-02   8.5000000e-02
   0.0000000e+00   2.5000000e-02   1.2500000e-01   0.0000000e+00   0.0000000e+00   7.8240054e-02   9.9223939e-03   0.0000000e+00   1.0000000e-02   8.5000000e-02
   0.0000000e+00   2.5000000e-02   1.2500000e-01   0.0000000e+00   0.0000000e+00   7.8239979e-02   9.9222343e-03   0.0000000e+00   1.0000000e-02   8.5000000e-02
   0.0000000e+00   2.5000000e-02   1.2500000e-01   0.0000000e+00   0.0000000e+00   7.8239956e-02   9.9218932e-03   0.0000000e+00   1.0000000e-02   8.5000000e-02
   0.0000000e+00   2.5000000e-02   1.2500000e-01   0.0000000e+00   0.0000000e+00   7.8239583e-02   9.9210679e-03   0.0000000e+00   1.0000000e-02   8.5000000e-02
   0.0000000e+00   2.5000000e-02   1.2500000e-01   0.0000000e+00   0.0000000e+00   7.8239795e-02   9.9219811e-03   0.0000000e+00   1.0000000e-02   8.5000000e-02
   0.0000000e+00   2.5000000e-02   1.2500000e-01   0.0000000e+00   0.0000000e+00   7.8240240e-02   9.9225809e-03   0.0000000e+00   1.0000000e-02   8.5000000e-02
   0.0000000e+00   2.5000000e-02   1.2500000e-01   0.0000000e+00   0.0000000e+00   7.8240024e-02   9.9227676e-03   0.0000000e+00   1.0000000e-02   8.5000000e-02
   0.0000000e+00   2.5000000e-02   1.2500000e-01   0.0000000e+00   0.0000000e+00   7.8240076e-02   9.9211117e-03   0.0000000e+00   1.0000000e-02   8.5000000e-02
   0.0000000e+00   2.5000000e-02   1.2500000e-01   0.0000000e+00   0.0000000e+00   7.8239727e-02   9.9220291e-03   0.0000000e+00   1.0000000e-02   8.5000000e-02
   0.0000000e+00   2.5000000e-02   1.2500000e-01   0.0000000e+00   0.0000000e+00   7.8239848e-02   9.9213846e-03   0.0000000e+00   1.0000000e-02   8.5000000e-02
   0.0000000e+00   2.5000000e-02   1.2500000e-01   0.0000000e+00   0.0000000e+00   7.8240214e-02   9.9226300e-03   0.0000000e+00   1.0000000e-02   8.5000000e-02
   0.0000000e+00   2.5000000e-02   1.2500000e-01   0.0000000e+00   0.0000000e+00   7.8240233e-02   9.9231560e-03   0.0000000e+00   1.0000000e-02   8.5000000e-02
   0.0000000e+00   2.5000000e-02   1.2500000e-01   0.0000000e+00   0.0000000e+00   7.8240021e-02   9.9207727e-03   0.0000000e+00   1.0000000e-02   8.5000000e-02
   0.0000000e+00   2.5000000e-02   1.2500000e-01   0.0000000e+00   0.0000000e+00   7.8239819e-02   9.9208546e-03   0.0000000e+00   1.0000000e-02   8.5000000e-02
   0.0000000e+00   2.5000000e-02   1.2500000e-01   0.0000000e+00   0.0000000e+00   7.8240173e-02   9.9229237e-03   0.0000000e+00   1.0000000e-02   8.5000000e-02
   0.0000000e+00   2.5000000e-02   1.2500000e-01   0.0000000e+00   0.0000000e+00   7.8239918e-02   9.9209625e-03   0.0000000e+00   1.0000000e-02   8.5000000e-02
   0.0000000e+00   2.5000000e-02   1.2500000e-01   0.0000000e+00   0.0000000e+00   7.8239833e-02   9.9226465e-03   0.0000000e+00   1.0000000e-02   8.5000000e-02
   0.0000000e+00   2.5000000e-02   1.2500000e-01   0.0000000e+00   0.0000000e+00   7.8240055e-02   9.9216469e-03   0.0000000e+00   1.0000000e-02   8.5000000e-02
   0.0000000e+00   2.5000000e-02   1.2500000e-01   0.0000000e+00   0.0000000e+00   7.8240030e-02   9.9218195e-03   0.0000000e+00   1.0000000e-02   8.5000000e-02
   0.0000000e+00   2.5000000e-02   1.2500000e-01   0.0000000e+00   0.0000000e+00   7.8239888e-02   9.9224171e-03   0.0000000e+00   1.0000000e-02   8.5000000e-02
   0.0000000e+00   2.5000000e-02   1.2500000e-01   0.0000000e+00   0.0000000e+00   7.8240046e-02   9.9213110e-03   0.0000000e+00   1.0000000e-02   8.5000000e-02
   0.0000000e+00   2.5000000e-02   1.2500000e-01   0.0000000e+00   0.0000000e+00   7.8239936e-02   9.9218133e-03   0.0000000e+00   1.0000000e-02   8.5000000e-02
   0.0000000e+00   2.5000000e-02   1.2500000e-01   0.0000000e+00   0.0000000e+00   7.8239955e-02   9.9217227e-03   0.0000000e+00   1.0000000e-02   8.5000000e-02
   0.0000000e+00   2.5000000e-02   1.2500000e-01   0.0000000e+00   0.0000000e+00   7.8239989e-02   9.9222262e-03   0.0000000e+00   1.0000000e-02   8.5000000e-02
   0.0000000e+00   2.5000000e-02   1.2500000e-01   0.0000000e+00   0.0000000e+00   7.8239681e-02   9.9220618e-03   0.0000000e+00   1.0000000e-02   8.5000000e-02
   0.0000000e+00   2.5000000e-02   1.2500000e-01   0.0000000e+00   0.0000000e+00   7.8239695e-02   9.9219817e-03   0.0000000e+00   1.0000000e-02   8.5000000e-02
