   0.0000000e+00   2.5000000e-02   6.0000000e-02   0.0000000e+00   0.0000000e+00   1.8872052e-01   4.5000000e-02   0.0000000e+00   1.0000000e-02   4.5000000e-02
   0.0000000e+00   2.5000000e-02   6.0000000e-02   0.0000000e+00   0.0000000e+00   1.8872075e-01   4.5000000e-02   0.0000000e+00   1.0000000e-02   4.5000000e-02
   0.0000000e+00   2.5000000e-02   6.0000000e-02   0.0000000e+00   0.0000000e+00   1.8872064e-01   4.5000000e-02   0.0000000e+00   1.0000000e-02   4.5000000e-02
   0.0000000e+00   2.5000000e-02   6.0000000e-02   0.0000000e+00   0.0000000e+00   1.8872039e-01   4.5000000e-02   0.0000000e+00   1.0000000e-02   4.5000000e-02
   0.0000000e+00   2.5000000e-02   6.0000000e-02   0.0000000e+00   0.0000000e+00   1.8872040e-01   4.5000000e-02   0.0000000e+00   1.0000000e-02   4.5000000e-02
   0.0000000e+00   2.5000000e-02   6.0000000e-02   0.0000000e+00   0.0000000e+00   1.8872046e-01   4.5000000e-02   0.0000000e+00   1.0000000e-02   4.5000000e-02
   0.0000000e+00   2.5000000e-02   6.0000000e-02   0.0000000e+00   0.0000000e+00   1.8872105e-01   4.5000000e-02   0.0000000e+00   1.0000000e-02   4.5000000e-02
   0.0000000e+00   2.5000000e-02   6.0000000e-02   0.0000000e+00   0.0000000e+00   1.8872036e-01   4.5000000e-02   0.0000000e+00   1.0000000e-02   4.5000000e-02
   0.0000000e+00   2.5000000e-02   6.0000000e-02   0.0000000e+00   0.0000000e+00   1.8872078e-01   4.5000000e-02   0.0000000e+00   1.0000000e-02   4.5000000e-02
   0.0000000e+00   2.5000000e-02   6.0000000e-02   0.0000000e+00   0.0000000e+00   1.8872082e-01   4.5000000e-02   0.0000000e+00   1.0000000e-02   4.5000000e-02
   0.0000000e+00   2.5000000e-02   6.0000000e-02   0.0000000e+00   0.0000000e+00   1.8872064e-01   4.5000000e-02   0.0000000e+00   1.0000000e-02   4.5000000e-02
   0.0000000e+00   2.5000000e-02   6.0000000e-02   0.0000000e+00   0.0000000e+00   1.8872037e-01   4.5000000e-02   0.0000000e+00   1.0000000e-02   4.5000000e-02
   0.0000000e+00   2.5000000e-02   6.0000000e-02   0.0000000e+00   0.0000000e+00   1.8872041e-01   4.5000000e-02   0.0000000e+00   1.0000000e-02   4.5000000e-02
   0.0000000e+00   2.5000000e-02   6.0000000e-02   0.0000000e+00   0.0000000e+00   1.8872035e-01   4.5000000e-02   0.0000000e+00   1.0000000e-02   4.5000000e-02
   0.0000000e+00   2.5000000e-02   6.0000000e-02   0.0000000e+00   0.0000000e+00   1.8872031e-01   4.5000000e-02   0.0000000e+00   1.0000000e-02   4.5000000e-02
   0.0000000e+00   2.5000000e-02   6.0000000e-02   0.0000000e+00   0.0000000e+00   1.8872078e-01   4.5000000e-02   0.0000000e+00   1.0000000e-02   4.5000000e-02
   0.0000000e+00   2.5000000e-02   6.0000000e-02   0.0000000e+00   0.0000000e+00   1.8872040e-01   4.5000000e-02   0.0000000e+00   1.0000000e-02   4.5000000e-02
   0.0000000e+00   2.5000000e-02   6.0000000e-02   0.0000000e+00   0.0000000e+00   1.8872043e-01   4.5000000e-02   0.0000000e+00   1.0000000e-02   4.5000000e-02
   0.0000000e+00   2.5000000e-02   6.0000000e-02   0.0000000e+00   0.0000000e+00   1.8872084e-01   4.5000000e-02   0.0000000e+00   1.0000000e-02   4.5000000e-02
   0.0000000e+00   2.5000000e-02   6.0000000e-02   0.0000000e+00   0.0000000e+00   1.8872077e-01   4.5000000e-02   0.0000000e+00   1.0000000e-02   4.5000000e-02
   0.0000000e+00   2.5000000e-02   6.0000000e-02   0.0000000e+00   0.0000000e+00   1.8872038e-01   4.5000000e-02   0.0000000e+00   1.0000000e-02   4.5000000e-02
   0.0000000e+00   2.5000000e-02   6.0000000e-02   0.0000000e+00   0.0000000e+00   1.8872058e-01   4.5000000e-02   0.0000000e+00   1.0000000e-02   4.5000000e-02
   0.0000000e+00   2.5000000e-02   6.0000000e-02   0.0000000e+00   0.0000000e+00   1.8872048e-01   4.5000000e-02   0.0000000e+00   1.0000000e-02   4.5000000e-02
   0.0000000e+00   2.5000000e-02   6.0000000e-02   0.0000000e+00   0.0000000e+00   1.8872033e-01   4.5000000e-02   0.0000000e+00   1.0000000e-02   4.5000000e-02
   0.0000000e+00   2.5000000e-02   6.0000000e-02   0.0000000e+00   0.0000000e+00   1.8872032e-01   4.5000000e-02   0.0000000e+00   1.0000000e-02   4.5000000e-02
   0.0000000e+00   2.5000000e-02   6.0000000e-02   0.0000000e+00   0.0000000e+00   1.8872035e-01   4.5000000e-02   0.0000000e+00   1.0000000e-02   4.5000000e-02
   0.0000000e+00   2.5000000e-02   6.0000000e-02   0.0000000e+00   0.0000000e+00   1.8872079e-01   4.5000000e-02   0.0000000e+00   1.0000000e-02   4.5000000e-02
   0.0000000e+00   2.5000000e-02   6.0000000e-02   0.0000000e+00   0.0000000e+00   1.8872078e-01   4.5000000e-02   0.0000000e+00   1.0000000e-02   4.5000000e-02
   0.0000000e+00   2.5000000e-02   6.0000000e-02   0.0000000e+00   0.0000000e+00   1.8872076e-01   4.5000000e-02   0.0000000e+00   1.0000000e-02   4.5000000e-02
   0.0000000e+00   2.5000000e-02   6.0000000e-02   0.0000000e+00   0.0000000e+00   1.8872046e-01   4.5000000e-02   0.0000000e+00   1.0000000e-02   4.5000000e-02
   0.0000000e+00   2.5000000e-02   6.0000000e-02   0.0000000e+00   0.0000000e+00   1.8872078e-01   4.5000000e-02   0.0000000e+00   1.0000000e-02   4.5000000e-02
   0.0000000e+00   2.5000000e-02   6.0000000e-02   0.0000000e+00   0.0000000e+00   1.8872036e-01   4.5000000e-02   0.0000000e+00   1.0000000e-02   4.5000000e-02
   0.0000000e+00   2.5000000e-02   6.0000000e-02   0.0000000e+00   0.0000000e+00   1.8872042e-01   4.5000000e-02   0.0000000e+00   1.0000000e-02   4.5000000e-02
   0.0000000e+00   2.5000000e-02   6.0000000e-02   0.0000000e+00   0.0000000e+00   1.8872063e-01   4.5000000e-02   0.0000000e+00   1.0000000e-02   4.5000000e-02
   0.0000000e+00   2.5000000e-02   6.0000000e-02   0.0000000e+00   0.0000000e+00   1.8872061e-01   4.5000000e-02   0.0000000e+00   1.0000000e-02   4.5000000e-02
   0.0000000e+00   2.5000000e-02   6.0000000e-02   0.0000000e+00   0.0000000e+00   1.8872043e-01   4.5000000e-02   0.0000000e+00   1.0000000e-02   4.5000000e-02
   0.0000000e+00   2.5000000e-02   6.0000000e-02   0.0000000e+00   0.0000000e+00   1.8872050e-01   4.5000000e-02   0.0000000e+00   1.0000000e-02   4.5000000e-02
   0.0000000e+00   2.5000000e-02   6.0000000e-02   0.0000000e+00   0.0000000e+00   1.8872103e-01   4.5000000e-02   0.0000000e+00   1.0000000e-02   4.5000000e-02
   0.0000000e+00   2.5000000e-02   6.0000000e-02   0.0000000e+00   0.0000000e+00   1.8872091e-01   4.5000000e-02   0.0000000e+00   1.0000000e-02   4.5000000e-02
   0.0000000e+00   2.5000000e-02   6.0000000e-02   0.0000000e+00   0.0000000e+00   1.8872075e-01   4.5000000e-02   0.0000000e+00   1.0000000e-02   4.5000000e-02
   0.0000000e+00   2.5000000e-02   6.0000000e-02   0.0000000e+00   0.0000000e+00   1.8872086e-01   4.5000000e-02   0.0000000e+00   1.0000000e-02   4.5000000e-02
   0.0000000e+00   2.5000000e-02   6.0000000e-02   0.0000000e+00   0.0000000e+00   1.8872056e-01   4.5000000e-02   0.0000000e+00   1.0000000e-02   4.5000000e-02
   0.0000000e+00   2.5000000e-02   6.0000000e-02   0.0000000e+00   0.0000000e+00   1.8872054e-01   4.5000000e-02   0.0000000e+00   1.0000000e-02   4.5000000e-02
   0.0000000e+00   2.5000000e-02   6.0000000e-02   0.0000000e+00   0.0000000e+00   1.8872038e-01   4.5000000e-02   0.0000000e+00   1.0000000e-02   4.5000000e-02
   0.0000000e+00   2.5000000e-02   6.0000000e-02   0.0000000e+00   0.0000000e+00   1.8872032e-01   4.5000000e-02   0.0000000e+00   1.0000000e-02   4.5000000e-02
   0.0000000e+00   2.5000000e-02   6.0000000e-02   0.0000000e+00   0.0000000e+00   1.8872077e-01   4.5000000e-02   0.0000000e+00   1.0000000e-02   4.5000000e-02
   0.0000000e+00   2.5000000e-02   6.0000000e-02   0.0000000e+00   0.0000000e+00   1.8872066e-01   4.5000000e-02   0.0000000e+00   1.0000000e-02   4.5000000e-02
   0.0000000e+00   2.5000000e-02   6.0000000e-02   0.0000000e+00   0.0000000e+00   1.8872075e-01   4.5000000e-02   0.0000000e+00   1.0000000e-02   4.5000000e-02
   0.0000000e+00   2.5000000e-02   6.0000000e-02   0.0000000e+00   0.0000000e+00   1.8872081e-01   4.5000000e-02   0.0000000e+00   1.0000000e-02   4.5000000e-02
   0.0000000e+00   2.5000000e-02   6.0000000e-02   0.0000000e+00   0.0000000e+00   1.8872074e-01   4.5000000e-02   0.0000000e+00   1.0000000e-02   4.5000000e-02
   0.0000000e+00   2.5000000e-02   6.0000000e-02   0.0000000e+00   0.0000000e+00   1.8872041e-01   4.5000000e-02   0.0000000e+00   1.0000000e-02   4.5000000e-02
   0.0000000e+00   2.5000000e-02   6.0000000e-02   0.0000000e+00   0.0000000e+00   1.8872035e-01   4.5000000e-02   0.0000000e+00   1.0000000e-02   4.5000000e-02
   0.0000000e+00   2.5000000e-02   6.0000000e-02   0.0000000e+00   0.0000000e+00   1.8872087e-01   4.5000000e-02   0.0000000e+00   1.0000000e-02   4.5000000e-02
   0.0000000e+00   2.5000000e-02   6.0000000e-02   0.0000000e+00   0.0000000e+00   1.8872069e-01   4.5000000e-02   0.0000000e+00   1.0000000e-02   4.5000000e-02
   0.0000000e+00   2.5000000e-02   6.0000000e-02   0.0000000e+00   0.0000000e+00   1.8872043e-01   4.5000000e-02   0.0000000e+00   1.0000000e-02   4.5000000e-02
   0.0000000e+00   2.5000000e-02   6.0000000e-02   0.0000000e+00   0.0000000e+00   1.8872053e-01   4.5000000e-02   0.0000000e+00   1.0000000e-02   4.5000000e-02
   0.0000000e+00   2.5000000e-02   6.0000000e-02   0.0000000e+00   0.0000000e+00   1.8872082e-01   4.5000000e-02   0.0000000e+00   1.0000000e-02   4.5000000e-02
   0.0000000e+00   2.5000000e-02   6.0000000e-02   0.0000000e+00   0.0000000e+00   1.8872078e-01   4.5000000e-02   0.0000000e+00   1.0000000e-02   4.5000000e-02
   0.0000000e+00   2.5000000e-02   6.0000000e-02   0.0000000e+00   0.0000000e+00   1.8872089e-01   4.5000000e-02   0.0000000e+00   1.0000000e-02   4.5000000e-02
   0.0000000e+00   2.5000000e-02   6.0000000e-02   0.0000000e+00   0.0000000e+00   1.8872076e-01   4.5000000e-02   0.0000000e+00   1.0000000e-02   4.5000000e-02
   0.0000000e+00   2.5000000e-02   6.0000000e-02   0.0000000e+00   0.0000000e+00   1.8872089e-01   4.5000000e-02   0.0000000e+00   1.0000000e-02   4.5000000e-02
   0.0000000e+00   2.5000000e-02   6.0000000e-02   0.0000000e+00   0.0000000e+00   1.8872044e-01   4.5000000e-02   0.0000000e+00   1.0000000e-02   4.5000000e-02
   0.0000000e+00   2.5000000e-02   6.0000000e-02   0.0000000e+00   0.0000000e+00   1.8872078e-01   4.5000000e-02   0.0000000e+00   1.0000000e-02   4.5000000e-02
   0.0000000e+00   2.5000000e-02   6.0000000e-02   0.0000000e+00   0.0000000e+00   1.8872039e-01   4.5000000e-02   0.0000000e+00   1.0000000e-02   4.5000000e-02
   0.0000000e+00   2.5000000e-02   6.0000000e-02   0.0000000e+00   0.0000000e+00   1.8872077e-01   4.5000000e-02   0.0000000e+00   1.0000000e-02   4.5000000e-02
   0.0000000e+00   2.5000000e-02   6.0000000e-02   0.0000000e+00   0.0000000e+00   1.8872032e-01   4.5000000e-02   0.0000000e+00   1.0000000e-02   4.5000000e-02
   0.0000000e+00   2.5000000e-02   6.0000000e-02   0.0000000e+00   0.0000000e+00   1.8872081e-01   4.5000000e-02   0.0000000e+00   1.0000000e-02   4.5000000e-02
   0.0000000e+00   2.5000000e-02   6.0000000e-02   0.0000000e+00   0.0000000e+00   1.8872082e-01   4.5000000e-02   0.0000000e+00   1.0000000e-02   4.5000000e-02
   0.0000000e+00   2.5000000e-02   6.0000000e-02   0.0000000e+00   0.0000000e+00   1.8872075e-01   4.5000000e-02   0.0000000e+00   1.0000000e-02   4.5000000e-02
   0.0000000e+00   2.5000000e-02   6.0000000e-02   0.0000000e+00   0.0000000e+00   1.8872052e-01   4.5000000e-02   0.0000000e+00   1.0000000e-02   4.5000000e-02
   0.0000000e+00   2.5000000e-02   6.0000000e-02   0.0000000e+00   0.0000000e+00   1.8872038e-01   4.5000000e-02   0.0000000e+00   1.0000000e-02   4.5000000e-02
   0.0000000e+00   2.5000000e-02   6.0000000e-02   0.0000000e+00   0.0000000e+00   1.8872098e-01   4.5000000e-02   0.0000000e+00   1.0000000e-02   4.5000000e-02
   0.0000000e+00   2.5000000e-02   6.0000000e-02   0.0000000e+00   0.0000000e+00   1.8872040e-01   4.5000000e-02   0.0000000e+00   1.0000000e-02   4.5000000e-02
   0.0000000e+00   2.5000000e-02   6.0000000e-02   0.0000000e+00   0.0000000e+00   1.8872085e-01   4.5000000e-02   0.0000000e+00   1.0000000e-02   4.5000000e-02
   0.0000000e+00   2.5000000e-02   6.0000000e-02   0.0000000e+00   0.0000000e+00   1.8872056e-01   4.5000000e-02   0.0000000e+00   1.0000000e-02   4.5000000e-02
   0.0000000e+00   2.5000000e-02   6.0000000e-02   0.0000000e+00   0.0000000e+00   1.8872046e-01   4.5000000e-02   0.0000000e+00   1.0000000e-02   4.5000000e-02
   0.0000000e+00   2.5000000e-02   6.0000000e-02   0.0000000e+00   0.0000000e+00   1.8872080e-01   4.5000000e-02   0.0000000e+00   1.0000000e-02   4.5000000e-02
   0.0000000e+00   2.5000000e-02   6.0000000e-02   0.0000000e+00   0.0000000e+00   1.8872036e-01   4.5000000e-02   0.0000000e+00   1.0000000e-02   4.5000000e-02
   0.0000000e+00   2.5000000e-02   6.0000000e-02   0.0000000e+00   0.0000000e+00   1.8872078e-01   4.5000000e-02   0.0000000e+00   1.0000000e-02   4.5000000e-02
   0.0000000e+00   2.5000000e-02   6.0000000e-02   0.0000000e+00   0.0000000e+00   1.8872042e-01   4.5000000e-02   0.0000000e+00   1.0000000e-02   4.5000000e-02
