   0.0000000e+00   2.5000000e-02   6.0000000e-02   0.0000000e+00   0.0000000e+00   2.9171711e-01   4.5000000e-02   0.0000000e+00   1.0000000e-02   4.5000000e-02
   0.0000000e+00   2.5000000e-02   6.0000000e-02   0.0000000e+00   0.0000000e+00   2.9171719e-01   4.5000000e-02   0.0000000e+00   1.0000000e-02   4.5000000e-02
   0.0000000e+00   2.5000000e-02   6.0000000e-02   0.0000000e+00   0.0000000e+00   2.9171686e-01   4.5000000e-02   0.0000000e+00   1.0000000e-02   4.5000000e-02
   0.0000000e+00   2.5000000e-02   6.0000000e-02   0.0000000e+00   0.0000000e+00   2.9171710e-01   4.5000000e-02   0.0000000e+00   1.0000000e-02   4.5000000e-02
   0.0000000e+00   2.5000000e-02   6.0000000e-02   0.0000000e+00   0.0000000e+00   2.9171713e-01   4.5000000e-02   0.0000000e+00   1.0000000e-02   4.5000000e-02
   0.0000000e+00   2.5000000e-02   6.0000000e-02   0.0000000e+00   0.0000000e+00   2.9171686e-01   4.5000000e-02   0.0000000e+00   1.0000000e-02   4.5000000e-02
   0.0000000e+00   2.5000000e-02   6.0000000e-02   0.0000000e+00   0.0000000e+00   2.9171750e-01   4.5000000e-02   0.0000000e+00   1.0000000e-02   4.5000000e-02
   0.0000000e+00   2.5000000e-02   6.0000000e-02   0.0000000e+00   0.0000000e+00   2.9171690e-01   4.5000000e-02   0.0000000e+00   1.0000000e-02   4.5000000e-02
   0.0000000e+00   2.5000000e-02   6.0000000e-02   0.0000000e+00   0.0000000e+00   2.9171751e-01   4.5000000e-02   0.0000000e+00   1.0000000e-02   4.5000000e-02
   0.0000000e+00   2.5000000e-02   6.0000000e-02   0.0000000e+00   0.0000000e+00   2.9171710e-01   4.5000000e-02   0.0000000e+00   1.0000000e-02   4.5000000e-02
   0.0000000e+00   2.5000000e-02   6.0000000e-02   0.0000000e+00   0.0000000e+00   2.9171746e-01   4.5000000e-02   0.0000000e+00   1.0000000e-02   4.5000000e-02
   0.0000000e+00   2.5000000e-02   6.0000000e-02   0.0000000e+00   0.0000000e+00   2.9171712e-01   4.5000000e-02   0.0000000e+00   1.0000000e-02   4.5000000e-02
   0.0000000e+00   2.5000000e-02   6.0000000e-02   0.0000000e+00   0.0000000e+00   2.9171713e-01   4.5000000e-02   0.0000000e+00   1.0000000e-02   4.5000000e-02
   0.0000000e+00   2.5000000e-02   6.0000000e-02   0.0000000e+00   0.0000000e+00   2.9171724e-01   4.5000000e-02   0.0000000e+00   1.0000000e-02   4.5000000e-02
   0.0000000e+00   2.5000000e-02   6.0000000e-02   0.0000000e+00   0.0000000e+00   2.9171723e-01   4.5000000e-02   0.0000000e+00   1.0000000e-02   4.5000000e-02
   0.0000000e+00   2.5000000e-02   6.0000000e-02   0.0000000e+00   0.0000000e+00   2.9171718e-01   4.5000000e-02   0.0000000e+00   1.0000000e-02   4.5000000e-02
   0.0000000e+00   2.5000000e-02   6.0000000e-02   0.0000000e+00   0.0000000e+00   2.9171712e-01   4.5000000e-02   0.0000000e+00   1.0000000e-02   4.5000000e-02
   0.0000000e+00   2.5000000e-02   6.0000000e-02   0.0000000e+00   0.0000000e+00   2.9171710e-01   4.5000000e-02   0.0000000e+00   1.0000000e-02   4.5000000e-02
   0.0000000e+00   2.5000000e-02   6.0000000e-02   0.0000000e+00   0.0000000e+00   2.9171713e-01   4.5000000e-02   0.0000000e+00   1.0000000e-02   4.5000000e-02
   0.0000000e+00   2.5000000e-02   6.0000000e-02   0.0000000e+00   0.0000000e+00   2.9171714e-01   4.5000000e-02   0.0000000e+00   1.0000000e-02   4.5000000e-02
   0.0000000e+00   2.5000000e-02   6.0000000e-02   0.0000000e+00   0.0000000e+00   2.9171755e-01   4.5000000e-02   0.0000000e+00   1.0000000e-02   4.5000000e-02
   0.0000000e+00   2.5000000e-02   6.0000000e-02   0.0000000e+00   0.0000000e+00   2.9171721e-01   4.5000000e-02   0.0000000e+00   1.0000000e-02   4.5000000e-02
   0.0000000e+00   2.5000000e-02   6.0000000e-02   0.0000000e+00   0.0000000e+00   2.9171744e-01   4.5000000e-02   0.0000000e+00   1.0000000e-02   4.5000000e-02
   0.0000000e+00   2.5000000e-02   6.0000000e-02   0.0000000e+00   0.0000000e+00   2.9171716e-01   4.5000000e-02   0.0000000e+00   1.0000000e-02   4.5000000e-02
   0.0000000e+00   2.5000000e-02   6.0000000e-02   0.0000000e+00   0.0000000e+00   2.9171743e-01   4.5000000e-02   0.0000000e+00   1.0000000e-02   4.5000000e-02
   0.0000000e+00   2.5000000e-02   6.0000000e-02   0.0000000e+00   0.0000000e+00   2.9171720e-01   4.5000000e-02   0.0000000e+00   1.0000000e-02   4.5000000e-02
   0.0000000e+00   2.5000000e-02   6.0000000e-02   0.0000000e+00   0.0000000e+00   2.9171713e-01   4.5000000e-02   0.0000000e+00   1.0000000e-02   4.5000000e-02
   0.0000000e+00   2.5000000e-02   6.0000000e-02   0.0000000e+00   0.0000000e+00   2.9171715e-01   4.5000000e-02   0.0000000e+00   1.0000000e-02   4.5000000e-02
   0.0000000e+00   2.5000000e-02   6.0000000e-02   0.0000000e+00   0.0000000e+00   2.9171708e-01   4.5000000e-02   0.0000000e+00   1.0000000e-02   4.5000000e-02
   0.0000000e+00   2.5000000e-02   6.0000000e-02   0.0000000e+00   0.0000000e+00   2.9171720e-01   4.5000000e-02   0.0000000e+00   1.0000000e-02   4.5000000e-02
   0.0000000e+00   2.5000000e-02   6.0000000e-02   0.0000000e+00   0.0000000e+00   2.9171738e-01   4.5000000e-02   0.0000000e+00   1.0000000e-02   4.5000000e-02
   0.0000000e+00   2.5000000e-02   6.0000000e-02   0.0000000e+00   0.0000000e+00   2.9171713e-01   4.5000000e-02   0.0000000e+00   1.0000000e-02   4.5000000e-02
   0.0000000e+00   2.5000000e-02   6.0000000e-02   0.0000000e+00   0.0000000e+00   2.9171725e-01   4.5000000e-02   0.0000000e+00   1.0000000e-02   4.5000000e-02
   0.0000000e+00   2.5000000e-02   6.0000000e-02   0.0000000e+00   0.0000000e+00   2.9171720e-01   4.5000000e-02   0.0000000e+00   1.0000000e-02   4.5000000e-02
   0.0000000e+00   2.5000000e-02   6.0000000e-02   0.0000000e+00   0.0000000e+00   2.9171720e-01   4.5000000e-02   0.0000000e+00   1.0000000e-02   4.5000000e-02
   0.0000000e+00   2.5000000e-02   6.0000000e-02   0.0000000e+00   0.0000000e+00   2.9171720e-01   4.5000000e-02   0.0000000e+00   1.0000000e-02   4.5000000e-02
   0.0000000e+00   2.5000000e-02   6.0000000e-02   0.0000000e+00   0.0000000e+00   2.9171744e-01   4.5000000e-02   0.0000000e+00   1.0000000e-02   4.5000000e-02
   0.0000000e+00   2.5000000e-02   6.0000000e-02   0.0000000e+00   0.0000000e+00   2.9171696e-01   4.5000000e-02   0.0000000e+00   1.0000000e-02   4.5000000e-02
   0.0000000e+00   2.5000000e-02   6.0000000e-02   0.0000000e+00   0.0000000e+00   2.9171724e-01   4.5000000e-02   0.0000000e+00   1.0000000e-02   4.5000000e-02
   0.0000000e+00   2.5000000e-02   6.0000000e-02   0.0000000e+00   0.0000000e+00   2.9171716e-01   4.5000000e-02   0.0000000e+00   1.0000000e-02   4.5000000e-02
   0.0000000e+00   2.5000000e-02   6.0000000e-02   0.0000000e+00   0.0000000e+00   2.9171713e-01   4.5000000e-02   0.0000000e+00   1.0000000e-02   4.5000000e-02
   0.0000000e+00   2.5000000e-02   6.0000000e-02   0.0000000e+00   0.0000000e+00   2.9171719e-01   4.5000000e-02   0.0000000e+00   1.0000000e-02   4.5000000e-02
   0.0000000e+00   2.5000000e-02   6.0000000e-02   0.0000000e+00   0.0000000e+00   2.9171722e-01   4.5000000e-02   0.0000000e+00   1.0000000e-02   4.5000000e-02
   0.0000000e+00   2.5000000e-02   6.0000000e-02   0.0000000e+00   0.0000000e+00   2.9171720e-01   4.5000000e-02   0.0000000e+00   1.0000000e-02   4.5000000e-02
   0.0000000e+00   2.5000000e-02   6.0000000e-02   0.0000000e+00   0.0000000e+00   2.9171709e-01   4.5000000e-02   0.0000000e+00   1.0000000e-02   4.5000000e-02
   0.0000000e+00   2.5000000e-02   6.0000000e-02   0.0000000e+00   0.0000000e+00   2.9171695e-01   4.5000000e-02   0.0000000e+00   1.0000000e-02   4.5000000e-02
   0.0000000e+00   2.5000000e-02   6.0000000e-02   0.0000000e+00   0.0000000e+00   2.9171720e-01   4.5000000e-02   0.0000000e+00   1.0000000e-02   4.5000000e-02
   0.0000000e+00   2.5000000e-02   6.0000000e-02   0.0000000e+00   0.0000000e+00   2.9171705e-01   4.5000000e-02   0.0000000e+00   1.0000000e-02   4.5000000e-02
   0.0000000e+00   2.5000000e-02   6.0000000e-02   0.0000000e+00   0.0000000e+00   2.9171718e-01   4.5000000e-02   0.0000000e+00   1.0000000e-02   4.5000000e-02
   0.0000000e+00   2.5000000e-02   6.0000000e-02   0.0000000e+00   0.0000000e+00   2.9171725e-01   4.5000000e-02   0.0000000e+00   1.0000000e-02   4.5000000e-02
   0.0000000e+00   2.5000000e-02   6.0000000e-02   0.0000000e+00   0.0000000e+00   2.9171716e-01   4.5000000e-02   0.0000000e+00   1.0000000e-02   4.5000000e-02
   0.0000000e+00   2.5000000e-02   6.0000000e-02   0.0000000e+00   0.0000000e+00   2.9171712e-01   4.5000000e-02   0.0000000e+00   1.0000000e-02   4.5000000e-02
   0.0000000e+00   2.5000000e-02   6.0000000e-02   0.0000000e+00   0.0000000e+00   2.9171742e-01   4.5000000e-02   0.0000000e+00   1.0000000e-02   4.5000000e-02
   0.0000000e+00   2.5000000e-02   6.0000000e-02   0.0000000e+00   0.0000000e+00   2.9171721e-01   4.5000000e-02   0.0000000e+00   1.0000000e-02   4.5000000e-02
   0.0000000e+00   2.5000000e-02   6.0000000e-02   0.0000000e+00   0.0000000e+00   2.9171721e-01   4.5000000e-02   0.0000000e+00   1.0000000e-02   4.5000000e-02
   0.0000000e+00   2.5000000e-02   6.0000000e-02   0.0000000e+00   0.0000000e+00   2.9171750e-01   4.5000000e-02   0.0000000e+00   1.0000000e-02   4.5000000e-02
   0.0000000e+00   2.5000000e-02   6.0000000e-02   0.0000000e+00   0.0000000e+00   2.9171711e-01   4.5000000e-02   0.0000000e+00   1.0000000e-02   4.5000000e-02
   0.0000000e+00   2.5000000e-02   6.0000000e-02   0.0000000e+00   0.0000000e+00   2.9171715e-01   4.5000000e-02   0.0000000e+00   1.0000000e-02   4.5000000e-02
   0.0000000e+00   2.5000000e-02   6.0000000e-02   0.0000000e+00   0.0000000e+00   2.9171720e-01   4.5000000e-02   0.0000000e+00   1.0000000e-02   4.5000000e-02
   0.0000000e+00   2.5000000e-02   6.0000000e-02   0.0000000e+00   0.0000000e+00   2.9171721e-01   4.5000000e-02   0.0000000e+00   1.0000000e-02   4.5000000e-02
   0.0000000e+00   2.5000000e-02   6.0000000e-02   0.0000000e+00   0.0000000e+00   2.9171690e-01   4.5000000e-02   0.0000000e+00   1.0000000e-02   4.5000000e-02
   0.0000000e+00   2.5000000e-02   6.0000000e-02   0.0000000e+00   0.0000000e+00   2.9171719e-01   4.5000000e-02   0.0000000e+00   1.0000000e-02   4.5000000e-02
   0.0000000e+00   2.5000000e-02   6.0000000e-02   0.0000000e+00   0.0000000e+00   2.9171716e-01   4.5000000e-02   0.0000000e+00   1.0000000e-02   4.5000000e-02
   0.0000000e+00   2.5000000e-02   6.0000000e-02   0.0000000e+00   0.0000000e+00   2.9171742e-01   4.5000000e-02   0.0000000e+00   1.0000000e-02   4.5000000e-02
   0.0000000e+00   2.5000000e-02   6.0000000e-02   0.0000000e+00   0.0000000e+00   2.9171725e-01   4.5000000e-02   0.0000000e+00   1.0000000e-02   4.5000000e-02
   0.0000000e+00   2.5000000e-02   6.0000000e-02   0.0000000e+00   0.0000000e+00   2.9171748e-01   4.5000000e-02   0.0000000e+00   1.0000000e-02   4.5000000e-02
   0.0000000e+00   2.5000000e-02   6.0000000e-02   0.0000000e+00   0.0000000e+00   2.9171721e-01   4.5000000e-02   0.0000000e+00   1.0000000e-02   4.5000000e-02
   0.0000000e+00   2.5000000e-02   6.0000000e-02   0.0000000e+00   0.0000000e+00   2.9171689e-01   4.5000000e-02   0.0000000e+00   1.0000000e-02   4.5000000e-02
   0.0000000e+00   2.5000000e-02   6.0000000e-02   0.0000000e+00   0.0000000e+00   2.9171746e-01   4.5000000e-02   0.0000000e+00   1.0000000e-02   4.5000000e-02
   0.0000000e+00   2.5000000e-02   6.0000000e-02   0.0000000e+00   0.0000000e+00   2.9171713e-01   4.5000000e-02   0.0000000e+00   1.0000000e-02   4.5000000e-02
   0.0000000e+00   2.5000000e-02   6.0000000e-02   0.0000000e+00   0.0000000e+00   2.9171717e-01   4.5000000e-02   0.0000000e+00   1.0000000e-02   4.5000000e-02
   0.0000000e+00   2.5000000e-02   6.0000000e-02   0.0000000e+00   0.0000000e+00   2.9171714e-01   4.5000000e-02   0.0000000e+00   1.0000000e-02   4.5000000e-02
   0.0000000e+00   2.5000000e-02   6.0000000e-02   0.0000000e+00   0.0000000e+00   2.9171686e-01   4.5000000e-02   0.0000000e+00   1.0000000e-02   4.5000000e-02
   0.0000000e+00   2.5000000e-02   6.0000000e-02   0.0000000e+00   0.0000000e+00   2.9171725e-01   4.5000000e-02   0.0000000e+00   1.0000000e-02   4.5000000e-02
   0.0000000e+00   2.5000000e-02   6.0000000e-02   0.0000000e+00   0.0000000e+00   2.9171716e-01   4.5000000e-02   0.0000000e+00   1.0000000e-02   4.5000000e-02
   0.0000000e+00   2.5000000e-02   6.0000000e-02   0.0000000e+00   0.0000000e+00   2.9171717e-01   4.5000000e-02   0.0000000e+00   1.0000000e-02   4.5000000e-02
   0.0000000e+00   2.5000000e-02   6.0000000e-02   0.0000000e+00   0.0000000e+00   2.9171710e-01   4.5000000e-02   0.0000000e+00   1.0000000e-02   4.5000000e-02
   0.0000000e+00   2.5000000e-02   6.0000000e-02   0.0000000e+00   0.0000000e+00   2.9171709e-01   4.5000000e-02   0.0000000e+00   1.0000000e-02   4.5000000e-02
   0.0000000e+00   2.5000000e-02   6.0000000e-02   0.0000000e+00   0.0000000e+00   2.9171716e-01   4.5000000e-02   0.0000000e+00   1.0000000e-02   4.5000000e-02
   0.0000000e+00   2.5000000e-02   6.0000000e-02   0.0000000e+00   0.0000000e+00   2.9171710e-01   4.5000000e-02   0.0000000e+00   1.0000000e-02   4.5000000e-02
