   0.0000000e+00   2.5000000e-02   6.0000000e-02   0.0000000e+00   0.0000000e+00   2.5650972e-01   4.5000000e-02   0.0000000e+00   1.0000000e-02   4.5000000e-02
   0.0000000e+00   2.5000000e-02   6.0000000e-02   0.0000000e+00   0.0000000e+00   2.5650978e-01   4.5000000e-02   0.0000000e+00   1.0000000e-02   4.5000000e-02
   0.0000000e+00   2.5000000e-02   6.0000000e-02   0.0000000e+00   0.0000000e+00   2.5650971e-01   4.5000000e-02   0.0000000e+00   1.0000000e-02   4.5000000e-02
   0.0000000e+00   2.5000000e-02   6.0000000e-02   0.0000000e+00   0.0000000e+00   2.5650966e-01   4.5000000e-02   0.0000000e+00   1.0000000e-02   4.5000000e-02
   0.0000000e+00   2.5000000e-02   6.0000000e-02   0.0000000e+00   0.0000000e+00   2.5650971e-01   4.5000000e-02   0.0000000e+00   1.0000000e-02   4.5000000e-02
   0.0000000e+00   2.5000000e-02   6.0000000e-02   0.0000000e+00   0.0000000e+00   2.5651011e-01   4.5000000e-02   0.0000000e+00   1.0000000e-02   4.5000000e-02
   0.0000000e+00   2.5000000e-02   6.0000000e-02   0.0000000e+00   0.0000000e+00   2.5650966e-01   4.5000000e-02   0.0000000e+00   1.0000000e-02   4.5000000e-02
   0.0000000e+00   2.5000000e-02   6.0000000e-02   0.0000000e+00   0.0000000e+00   2.5650962e-01   4.5000000e-02   0.0000000e+00   1.0000000e-02   4.5000000e-02
   0.0000000e+00   2.5000000e-02   6.0000000e-02   0.0000000e+00   0.0000000e+00   2.5650999e-01   4.5000000e-02   0.0000000e+00   1.0000000e-02   4.5000000e-02
   0.0000000e+00   2.5000000e-02   6.0000000e-02   0.0000000e+00   0.0000000e+00   2.5650973e-01   4.5000000e-02   0.0000000e+00   1.0000000e-02   4.5000000e-02
   0.0000000e+00   2.5000000e-02   6.0000000e-02   0.0000000e+00   0.0000000e+00   2.5650964e-01   4.5000000e-02   0.0000000e+00   1.0000000e-02   4.5000000e-02
   0.0000000e+00   2.5000000e-02   6.0000000e-02   0.0000000e+00   0.0000000e+00   2.5650981e-01   4.5000000e-02   0.0000000e+00   1.0000000e-02   4.5000000e-02
   0.0000000e+00   2.5000000e-02   6.0000000e-02   0.0000000e+00   0.0000000e+00   2.5650978e-01   4.5000000e-02   0.0000000e+00   1.0000000e-02   4.5000000e-02
   0.0000000e+00   2.5000000e-02   6.0000000e-02   0.0000000e+00   0.0000000e+00   2.5650932e-01   4.5000000e-02   0.0000000e+00   1.0000000e-02   4.5000000e-02
   0.0000000e+00   2.5000000e-02   6.0000000e-02   0.0000000e+00   0.0000000e+00   2.5650984e-01   4.5000000e-02   0.0000000e+00   1.0000000e-02   4.5000000e-02
   0.0000000e+00   2.5000000e-02   6.0000000e-02   0.0000000e+00   0.0000000e+00   2.5650952e-01   4.5000000e-02   0.0000000e+00   1.0000000e-02   4.5000000e-02
   0.0000000e+00   2.5000000e-02   6.0000000e-02   0.0000000e+00   0.0000000e+00   2.5650965e-01   4.5000000e-02   0.0000000e+00   1.0000000e-02   4.5000000e-02
   0.0000000e+00   2.5000000e-02   6.0000000e-02   0.0000000e+00   0.0000000e+00   2.5650973e-01   4.5000000e-02   0.0000000e+00   1.0000000e-02   4.5000000e-02
   0.0000000e+00   2.5000000e-02   6.0000000e-02   0.0000000e+00   0.0000000e+00   2.5650969e-01   4.5000000e-02   0.0000000e+00   1.0000000e-02   4.5000000e-02
   0.0000000e+00   2.5000000e-02   6.0000000e-02   0.0000000e+00   0.0000000e+00   2.5650958e-01   4.5000000e-02   0.0000000e+00   1.0000000e-02   4.5000000e-02
   0.0000000e+00   2.5000000e-02   6.0000000e-02   0.0000000e+00   0.0000000e+00   2.5650973e-01   4.5000000e-02   0.0000000e+00   1.0000000e-02   4.5000000e-02
   0.0000000e+00   2.5000000e-02   6.0000000e-02   0.0000000e+00   0.0000000e+00   2.5650970e-01   4.5000000e-02   0.0000000e+00   1.0000000e-02   4.5000000e-02
   0.0000000e+00   2.5000000e-02   6.0000000e-02   0.0000000e+00   0.0000000e+00   2.5650979e-01   4.5000000e-02   0.0000000e+00   1.0000000e-02   4.5000000e-02
   0.0000000e+00   2.5000000e-02   6.0000000e-02   0.0000000e+00   0.0000000e+00   2.5650978e-01   4.5000000e-02   0.0000000e+00   1.0000000e-02   4.5000000e-02
   0.0000000e+00   2.5000000e-02   6.0000000e-02   0.0000000e+00   0.0000000e+00   2.5650988e-01   4.5000000e-02   0.0000000e+00   1.0000000e-02   4.5000000e-02
   0.0000000e+00   2.5000000e-02   6.0000000e-02   0.0000000e+00   0.0000000e+00   2.5650970e-01   4.5000000e-02   0.0000000e+00   1.0000000e-02   4.5000000e-02
   0.0000000e+00   2.5000000e-02   6.0000000e-02   0.0000000e+00   0.0000000e+00   2.5650940e-01   4.5000000e-02   0.0000000e+00   1.0000000e-02   4.5000000e-02
   0.0000000e+00   2.5000000e-02   6.0000000e-02   0.0000000e+00   0.0000000e+00   2.5650968e-01   4.5000000e-02   0.0000000e+00   1.0000000e-02   4.5000000e-02
   0.0000000e+00   2.5000000e-02   6.0000000e-02   0.0000000e+00   0.0000000e+00   2.5650981e-01   4.5000000e-02   0.0000000e+00   1.0000000e-02   4.5000000e-02
   0.0000000e+00   2.5000000e-02   6.0000000e-02   0.0000000e+00   0.0000000e+00   2.5650965e-01   4.5000000e-02   0.0000000e+00   1.0000000e-02   4.5000000e-02
   0.0000000e+00   2.5000000e-02   6.0000000e-02   0.0000000e+00   0.0000000e+00   2.5650974e-01   4.5000000e-02   0.0000000e+00   1.0000000e-02   4.5000000e-02
   0.0000000e+00   2.5000000e-02   6.0000000e-02   0.0000000e+00   0.0000000e+00   2.5650938e-01   4.5000000e-02   0.0000000e+00   1.0000000e-02   4.5000000e-02
   0.0000000e+00   2.5000000e-02   6.0000000e-02   0.0000000e+00   0.0000000e+00   2.5650978e-01   4.5000000e-02   0.0000000e+00   1.0000000e-02   4.5000000e-02
   0.0000000e+00   2.5000000e-02   6.0000000e-02   0.0000000e+00   0.0000000e+00   2.5650978e-01   4.5000000e-02   0.0000000e+00   1.0000000e-02   4.5000000e-02
   0.0000000e+00   2.5000000e-02   6.0000000e-02   0.0000000e+00   0.0000000e+00   2.5650940e-01   4.5000000e-02   0.0000000e+00   1.0000000e-02   4.5000000e-02
   0.0000000e+00   2.5000000e-02   6.0000000e-02   0.0000000e+00   0.0000000e+00   2.5650964e-01   4.5000000e-02   0.0000000e+00   1.0000000e-02   4.5000000e-02
   0.0000000e+00   2.5000000e-02   6.0000000e-02   0.0000000e+00   0.0000000e+00   2.5650965e-01   4.5000000e-02   0.0000000e+00   1.0000000e-02   4.5000000e-02
   0.0000000e+00   2.5000000e-02   6.0000000e-02   0.0000000e+00   0.0000000e+00   2.5650971e-01   4.5000000e-02   0.0000000e+00   1.0000000e-02   4.5000000e-02
   0.0000000e+00   2.5000000e-02   6.0000000e-02   0.0000000e+00   0.0000000e+00   2.5650988e-01   4.5000000e-02   0.0000000e+00   1.0000000e-02   4.5000000e-02
   0.0000000e+00   2.5000000e-02   6.0000000e-02   0.0000000e+00   0.0000000e+00   2.5650978e-01   4.5000000e-02   0.0000000e+00   1.0000000e-02   4.5000000e-02
   0.0000000e+00   2.5000000e-02   6.0000000e-02   0.0000000e+00   0.0000000e+00   2.5650940e-01   4.5000000e-02   0.0000000e+00   1.0000000e-02   4.5000000e-02
   0.0000000e+00   2.5000000e-02   6.0000000e-02   0.0000000e+00   0.0000000e+00   2.5650964e-01   4.5000000e-02   0.0000000e+00   1.0000000e-02   4.5000000e-02
   0.0000000e+00   2.5000000e-02   6.0000000e-02   0.0000000e+00   0.0000000e+00   2.5650966e-01   4.5000000e-02   0.0000000e+00   1.0000000e-02   4.5000000e-02
   0.0000000e+00   2.5000000e-02   6.0000000e-02   0.0000000e+00   0.0000000e+00   2.5650964e-01   4.5000000e-02   0.0000000e+00   1.0000000e-02   4.5000000e-02
   0.0000000e+00   2.5000000e-02   6.0000000e-02   0.0000000e+00   0.0000000e+00   2.5650971e-01   4.5000000e-02   0.0000000e+00   1.0000000e-02   4.5000000e-02
   0.0000000e+00   2.5000000e-02   6.0000000e-02   0.0000000e+00   0.0000000e+00   2.5650945e-01   4.5000000e-02   0.0000000e+00   1.0000000e-02   4.5000000e-02
   0.0000000e+00   2.5000000e-02   6.0000000e-02   0.0000000e+00   0.0000000e+00   2.5650975e-01   4.5000000e-02   0.0000000e+00   1.0000000e-02   4.5000000e-02
   0.0000000e+00   2.5000000e-02   6.0000000e-02   0.0000000e+00   0.0000000e+00   2.5650970e-01   4.5000000e-02   0.0000000e+00   1.0000000e-02   4.5000000e-02
   0.0000000e+00   2.5000000e-02   6.0000000e-02   0.0000000e+00   0.0000000e+00   2.5650946e-01   4.5000000e-02   0.0000000e+00   1.0000000e-02   4.5000000e-02
   0.0000000e+00   2.5000000e-02   6.0000000e-02   0.0000000e+00   0.0000000e+00   2.5650929e-01   4.5000000e-02   0.0000000e+00   1.0000000e-02   4.5000000e-02
   0.0000000e+00   2.5000000e-02   6.0000000e-02   0.0000000e+00   0.0000000e+00   2.5651003e-01   4.5000000e-02   0.0000000e+00   1.0000000e-02   4.5000000e-02
   0.0000000e+00   2.5000000e-02   6.0000000e-02   0.0000000e+00   0.0000000e+00   2.5650969e-01   4.5000000e-02   0.0000000e+00   1.0000000e-02   4.5000000e-02
   0.0000000e+00   2.5000000e-02   6.0000000e-02   0.0000000e+00   0.0000000e+00   2.5650974e-01   4.5000000e-02   0.0000000e+00   1.0000000e-02   4.5000000e-02
   0.0000000e+00   2.5000000e-02   6.0000000e-02   0.0000000e+00   0.0000000e+00   2.5650968e-01   4.5000000e-02   0.0000000e+00   1.0000000e-02   4.5000000e-02
   0.0000000e+00   2.5000000e-02   6.0000000e-02   0.0000000e+00   0.0000000e+00   2.5650979e-01   4.5000000e-02   0.0000000e+00   1.0000000e-02   4.5000000e-02
   0.0000000e+00   2.5000000e-02   6.0000000e-02   0.0000000e+00   0.0000000e+00   2.5650976e-01   4.5000000e-02   0.0000000e+00   1.0000000e-02   4.5000000e-02
   0.0000000e+00   2.5000000e-02   6.0000000e-02   0.0000000e+00   0.0000000e+00   2.5650940e-01   4.5000000e-02   0.0000000e+00   1.0000000e-02   4.5000000e-02
   0.0000000e+00   2.5000000e-02   6.0000000e-02   0.0000000e+00   0.0000000e+00   2.5650953e-01   4.5000000e-02   0.0000000e+00   1.0000000e-02   4.5000000e-02
   0.0000000e+00   2.5000000e-02   6.0000000e-02   0.0000000e+00   0.0000000e+00   2.5650970e-01   4.5000000e-02   0.0000000e+00   1.0000000e-02   4.5000000e-02
   0.0000000e+00   2.5000000e-02   6.0000000e-02   0.0000000e+00   0.0000000e+00   2.5650975e-01   4.5000000e-02   0.0000000e+00   1.0000000e-02   4.5000000e-02
   0.0000000e+00   2.5000000e-02   6.0000000e-02   0.0000000e+00   0.0000000e+00   2.5650964e-01   4.5000000e-02   0.0000000e+00   1.0000000e-02   4.5000000e-02
   0.0000000e+00   2.5000000e-02   6.0000000e-02   0.0000000e+00   0.0000000e+00   2.5650978e-01   4.5000000e-02   0.0000000e+00   1.0000000e-02   4.5000000e-02
   0.0000000e+00   2.5000000e-02   6.0000000e-02   0.0000000e+00   0.0000000e+00   2.5651004e-01   4.5000000e-02   0.0000000e+00   1.0000000e-02   4.5000000e-02
   0.0000000e+00   2.5000000e-02   6.0000000e-02   0.0000000e+00   0.0000000e+00   2.5650971e-01   4.5000000e-02   0.0000000e+00   1.0000000e-02   4.5000000e-02
   0.0000000e+00   2.5000000e-02   6.0000000e-02   0.0000000e+00   0.0000000e+00   2.5651002e-01   4.5000000e-02   0.0000000e+00   1.0000000e-02   4.5000000e-02
   0.0000000e+00   2.5000000e-02   6.0000000e-02   0.0000000e+00   0.0000000e+00   2.5650965e-01   4.5000000e-02   0.0000000e+00   1.0000000e-02   4.5000000e-02
   0.0000000e+00   2.5000000e-02   6.0000000e-02   0.0000000e+00   0.0000000e+00   2.5650967e-01   4.5000000e-02   0.0000000e+00   1.0000000e-02   4.5000000e-02
   0.0000000e+00   2.5000000e-02   6.0000000e-02   0.0000000e+00   0.0000000e+00   2.5650972e-01   4.5000000e-02   0.0000000e+00   1.0000000e-02   4.5000000e-02
   0.0000000e+00   2.5000000e-02   6.0000000e-02   0.0000000e+00   0.0000000e+00   2.5650973e-01   4.5000000e-02   0.0000000e+00   1.0000000e-02   4.5000000e-02
   0.0000000e+00   2.5000000e-02   6.0000000e-02   0.0000000e+00   0.0000000e+00   2.5650974e-01   4.5000000e-02   0.0000000e+00   1.0000000e-02   4.5000000e-02
   0.0000000e+00   2.5000000e-02   6.0000000e-02   0.0000000e+00   0.0000000e+00   2.5650985e-01   4.5000000e-02   0.0000000e+00   1.0000000e-02   4.5000000e-02
   0.0000000e+00   2.5000000e-02   6.0000000e-02   0.0000000e+00   0.0000000e+00   2.5650938e-01   4.5000000e-02   0.0000000e+00   1.0000000e-02   4.5000000e-02
   0.0000000e+00   2.5000000e-02   6.0000000e-02   0.0000000e+00   0.0000000e+00   2.5650978e-01   4.5000000e-02   0.0000000e+00   1.0000000e-02   4.5000000e-02
   0.0000000e+00   2.5000000e-02   6.0000000e-02   0.0000000e+00   0.0000000e+00   2.5650966e-01   4.5000000e-02   0.0000000e+00   1.0000000e-02   4.5000000e-02
   0.0000000e+00   2.5000000e-02   6.0000000e-02   0.0000000e+00   0.0000000e+00   2.5650970e-01   4.5000000e-02   0.0000000e+00   1.0000000e-02   4.5000000e-02
   0.0000000e+00   2.5000000e-02   6.0000000e-02   0.0000000e+00   0.0000000e+00   2.5650965e-01   4.5000000e-02   0.0000000e+00   1.0000000e-02   4.5000000e-02
   0.0000000e+00   2.5000000e-02   6.0000000e-02   0.0000000e+00   0.0000000e+00   2.5650965e-01   4.5000000e-02   0.0000000e+00   1.0000000e-02   4.5000000e-02
   0.0000000e+00   2.5000000e-02   6.0000000e-02   0.0000000e+00   0.0000000e+00   2.5650975e-01   4.5000000e-02   0.0000000e+00   1.0000000e-02   4.5000000e-02
   0.0000000e+00   2.5000000e-02   6.0000000e-02   0.0000000e+00   0.0000000e+00   2.5650950e-01   4.5000000e-02   0.0000000e+00   1.0000000e-02   4.5000000e-02
   0.0000000e+00   2.5000000e-02   6.0000000e-02   0.0000000e+00   0.0000000e+00   2.5650937e-01   4.5000000e-02   0.0000000e+00   1.0000000e-02   4.5000000e-02
