18.796
18.101
17.750
17.824
17.604
17.795
22.858
17.646
17.678
27.872
23.056
17.631
17.751
17.722
17.830
17.683
17.809
17.613
17.789
17.946
19.656
18.847
24.371
17.781
19.036
19.033
17.504
17.778
17.693
17.901
17.713
29.086
29.196
19.067
20.976
17.949
17.743
17.716
17.593
18.887
18.960
17.845
17.657
17.768
17.792
19.061
19.245
17.595
17.878
17.711
18.867
19.074
17.703
18.865
18.817
19.084
19.368
17.584
19.101
17.707
19.349
27.864
17.922
19.252
19.010
27.969
27.833
17.722
27.785
19.063
17.877
27.874
27.863
27.804
19.042
17.606
17.801
17.889
18.879
19.088
18.981
27.840
27.910
17.691
22.758
19.058
17.656
19.027
17.642
17.685
19.090
17.789
20.939
17.867
19.105
19.043
17.768
17.737
18.942
17.652
